interval,event,switch,switch_name,port,target_type,target_index,flow_id,source_terminal,destination_terminal,creation_interval,age_intervals,capacity_gbit,queued_before_gbit,send_gbit,remaining_after_gbit,dropped_gbit
1,stage_arrival,52,S30,2,switch,54,50924,105,0,0,1,164.752,0,0,52.793,0
1,stage_arrival,5,S63,0,switch,0,50920,11,0,0,1,259.679,0,0,100,0
1,stage_arrival,2,S10,1,switch,16,50922,4,0,0,1,243.793,0,0,54.7575,0
1,stage_arrival,11,S03,0,switch,6,50927,23,0,0,1,132.338,0,0,54.3788,0
1,stage_arrival,57,S47,1,switch,50,50923,115,0,0,1,259.289,0,0,100,0
1,stage_arrival,53,S55,1,switch,40,50926,106,0,0,1,298.054,0,0,100,0
1,stage_arrival,36,S18,0,switch,35,50921,73,0,0,1,247.316,0,0,52.793,0
1,stage_arrival,21,S53,2,switch,8,50925,43,0,0,1,135.597,0,0,54.3788,0
1,allocate_send_arrival,53,S55,1,switch,40,50926,106,0,0,1,298.054,0,100,0,0
1,allocate_send_arrival,5,S63,0,switch,0,50920,11,0,0,1,259.679,0,100,0,0
1,allocate_send_arrival,2,S10,1,switch,16,50922,4,0,0,1,243.793,0,54.7575,0,0
1,allocate_send_arrival,11,S03,0,switch,6,50927,23,0,0,1,132.338,0,54.3788,0,0
1,allocate_send_arrival,21,S53,2,switch,8,50925,43,0,0,1,135.597,0,54.3788,0,0
1,allocate_send_arrival,57,S47,1,switch,50,50923,115,0,0,1,259.289,0,100,0,0
1,allocate_send_arrival,36,S18,0,switch,35,50921,73,0,0,1,247.316,0,52.793,0,0
1,allocate_send_arrival,52,S30,2,switch,54,50924,105,0,0,1,164.752,0,52.793,0,0
2,stage_arrival,8,S52,0,switch,1,50925,43,0,0,2,255.562,0,0,54.3788,0
2,stage_arrival,5,S63,0,switch,0,50920,11,0,0,2,259.679,0,0,100,0
2,stage_arrival,6,S02,0,switch,1,50927,23,0,0,2,138.732,0,0,54.3788,0
2,stage_arrival,0,S00,5,terminal,0,50920,11,0,0,2,1000,0,0,100,0
2,stage_arrival,16,S11,0,switch,12,50922,4,0,0,2,200.84,0,0,54.7575,0
2,stage_arrival,54,S31,1,switch,37,50924,105,0,0,2,242.335,0,0,52.793,0
2,stage_arrival,57,S47,1,switch,50,50923,115,0,0,2,259.289,0,0,100,0
2,stage_arrival,36,S18,0,switch,35,50921,73,0,0,2,247.316,0,0,51.655,0
2,stage_arrival,21,S53,2,switch,8,50925,43,0,0,2,135.597,0,0,53.2427,0
2,stage_arrival,52,S30,2,switch,54,50924,105,0,0,2,164.752,0,0,51.655,0
2,stage_arrival,50,S38,2,switch,4,50923,115,0,0,2,290.506,0,0,100,0
2,stage_arrival,35,S17,2,switch,37,50921,73,0,0,2,246.878,0,0,52.793,0
2,stage_arrival,53,S55,1,switch,40,50926,106,0,0,2,298.054,0,0,100,0
2,stage_arrival,2,S10,1,switch,16,50922,4,0,0,2,243.793,0,0,53.2427,0
2,stage_arrival,40,S29,1,switch,45,50926,106,0,0,2,131.396,0,0,100,0
2,stage_arrival,11,S03,0,switch,6,50927,23,0,0,2,132.338,0,0,53.2427,0
2,allocate_send_arrival,11,S03,0,switch,6,50927,23,0,0,2,132.338,0,53.2427,0,0
2,allocate_send_arrival,5,S63,0,switch,0,50920,11,0,0,2,259.679,0,100,0,0
2,allocate_send_arrival,0,S00,5,terminal,0,50920,11,0,0,2,1000,0,100,0,0
2,allocate_send_arrival,21,S53,2,switch,8,50925,43,0,0,2,135.597,0,53.2427,0,0
2,allocate_send_arrival,52,S30,2,switch,54,50924,105,0,0,2,164.752,0,51.655,0,0
2,allocate_send_arrival,8,S52,0,switch,1,50925,43,0,0,2,255.562,0,54.3788,0,0
2,allocate_send_arrival,16,S11,0,switch,12,50922,4,0,0,2,200.84,0,54.7575,0,0
2,allocate_send_arrival,57,S47,1,switch,50,50923,115,0,0,2,259.289,0,100,0,0
2,allocate_send_arrival,36,S18,0,switch,35,50921,73,0,0,2,247.316,0,51.655,0,0
2,allocate_send_arrival,2,S10,1,switch,16,50922,4,0,0,2,243.793,0,53.2427,0,0
2,allocate_send_arrival,6,S02,0,switch,1,50927,23,0,0,2,138.732,0,54.3788,0,0
2,allocate_send_arrival,54,S31,1,switch,37,50924,105,0,0,2,242.335,0,52.793,0,0
2,allocate_send_arrival,35,S17,2,switch,37,50921,73,0,0,2,246.878,0,52.793,0,0
2,allocate_send_arrival,40,S29,1,switch,45,50926,106,0,0,2,131.396,0,100,0,0
2,allocate_send_arrival,50,S38,2,switch,4,50923,115,0,0,2,290.506,0,100,0,0
2,allocate_send_arrival,53,S55,1,switch,40,50926,106,0,0,2,298.054,0,100,0,0
3,stage_arrival,11,S03,0,switch,6,50927,23,0,0,3,132.338,0,0,53.2427,0
3,stage_arrival,0,S00,5,terminal,0,50920,11,0,0,3,1000,0,0,100,0
3,stage_arrival,50,S38,2,switch,4,50923,115,0,0,3,290.506,0,0,100,0
3,stage_arrival,53,S55,1,switch,40,50926,106,0,0,3,298.054,0,0,100,0
3,stage_arrival,35,S17,2,switch,37,50921,73,0,0,3,246.878,0,0,51.655,0
3,stage_arrival,4,S37,0,switch,0,50923,115,0,0,3,203.508,0,0,100,0
3,stage_arrival,57,S47,1,switch,50,50923,115,0,0,3,259.289,0,0,100,0
3,stage_arrival,45,S28,2,switch,43,50926,106,0,0,3,227.415,0,0,100,0
3,stage_arrival,37,S32,0,switch,0,50924,105,0,0,3,103.31,0,0,52.793,0
3,stage_arrival,1,S01,0,switch,0,50925,43,0,0,3,159.728,0,0,54.3788,0
3,stage_arrival,54,S31,1,switch,37,50924,105,0,0,3,242.335,0,0,51.655,0
3,stage_arrival,1,S01,0,switch,0,50927,23,0,0,3,159.728,0,0,54.3788,0
3,stage_arrival,21,S53,2,switch,8,50925,43,0,0,3,135.597,0,0,53.2427,0
3,stage_arrival,5,S63,0,switch,0,50920,11,0,0,3,259.679,0,0,100,0
3,stage_arrival,52,S30,2,switch,54,50924,105,0,0,3,164.752,0,0,51.655,0
3,stage_arrival,2,S10,1,switch,16,50922,4,0,0,3,243.793,0,0,53.2427,0
3,stage_arrival,40,S29,1,switch,45,50926,106,0,0,3,131.396,0,0,100,0
3,stage_arrival,37,S32,0,switch,0,50921,73,0,0,3,103.31,0,0,52.793,0
3,stage_arrival,8,S52,0,switch,1,50925,43,0,0,3,255.562,0,0,53.2427,0
3,stage_arrival,12,S04,0,switch,6,50922,4,0,0,3,184.169,0,0,54.7575,0
3,stage_arrival,6,S02,0,switch,1,50927,23,0,0,3,138.732,0,0,53.2427,0
3,stage_arrival,16,S11,0,switch,12,50922,4,0,0,3,200.84,0,0,53.2427,0
3,stage_arrival,36,S18,0,switch,35,50921,73,0,0,3,247.316,0,0,51.655,0
3,allocate_send_arrival,37,S32,0,switch,0,50924,105,0,0,3,103.31,0,51.655,1.13801,0
3,enqueue_residual,37,S32,0,switch,0,50924,105,0,0,3,103.31,0,0,1.13801,0
3,allocate_send_arrival,37,S32,0,switch,0,50921,73,0,0,3,103.31,0,51.655,1.13801,0
3,enqueue_residual,37,S32,0,switch,0,50921,73,0,0,3,103.31,0,0,1.13801,0
3,allocate_send_arrival,21,S53,2,switch,8,50925,43,0,0,3,135.597,0,53.2427,0,0
3,allocate_send_arrival,6,S02,0,switch,1,50927,23,0,0,3,138.732,0,53.2427,0,0
3,allocate_send_arrival,8,S52,0,switch,1,50925,43,0,0,3,255.562,0,53.2427,0,0
3,allocate_send_arrival,4,S37,0,switch,0,50923,115,0,0,3,203.508,0,100,0,0
3,allocate_send_arrival,53,S55,1,switch,40,50926,106,0,0,3,298.054,0,100,0,0
3,allocate_send_arrival,5,S63,0,switch,0,50920,11,0,0,3,259.679,0,100,0,0
3,allocate_send_arrival,50,S38,2,switch,4,50923,115,0,0,3,290.506,0,100,0,0
3,allocate_send_arrival,40,S29,1,switch,45,50926,106,0,0,3,131.396,0,100,0,0
3,allocate_send_arrival,36,S18,0,switch,35,50921,73,0,0,3,247.316,0,51.655,0,0
3,allocate_send_arrival,57,S47,1,switch,50,50923,115,0,0,3,259.289,0,100,0,0
3,allocate_send_arrival,45,S28,2,switch,43,50926,106,0,0,3,227.415,0,100,0,0
3,allocate_send_arrival,35,S17,2,switch,37,50921,73,0,0,3,246.878,0,51.655,0,0
3,allocate_send_arrival,0,S00,5,terminal,0,50920,11,0,0,3,1000,0,100,0,0
3,allocate_send_arrival,11,S03,0,switch,6,50927,23,0,0,3,132.338,0,53.2427,0,0
3,allocate_send_arrival,54,S31,1,switch,37,50924,105,0,0,3,242.335,0,51.655,0,0
3,allocate_send_arrival,1,S01,0,switch,0,50925,43,0,0,3,159.728,0,54.3788,0,0
3,allocate_send_arrival,1,S01,0,switch,0,50927,23,0,0,3,159.728,0,54.3788,0,0
3,allocate_send_arrival,52,S30,2,switch,54,50924,105,0,0,3,164.752,0,51.655,0,0
3,allocate_send_arrival,12,S04,0,switch,6,50922,4,0,0,3,184.169,0,54.7575,0,0
3,allocate_send_arrival,2,S10,1,switch,16,50922,4,0,0,3,243.793,0,53.2427,0,0
3,allocate_send_arrival,16,S11,0,switch,12,50922,4,0,0,3,200.84,0,53.2427,0,0
4,allocate_send_buffered,37,S32,0,switch,0,50924,105,0,0,4,103.31,2.27603,1.13801,0,0
4,allocate_send_buffered,37,S32,0,switch,0,50921,73,0,0,4,103.31,2.27603,1.13801,0,0
4,stage_arrival,0,S00,5,terminal,0,50920,11,0,0,4,1000,0,0,100,0
4,stage_arrival,52,S30,2,switch,54,50924,105,0,0,4,164.752,0,0,51.655,0
4,stage_arrival,40,S29,1,switch,45,50926,106,0,0,4,131.396,0,0,100,0
4,stage_arrival,0,S00,5,terminal,0,50925,43,0,0,4,1000,0,0,54.3788,0
4,stage_arrival,37,S32,0,switch,0,50924,105,0,0,4,103.31,0,0,51.655,0
4,stage_arrival,43,S22,0,switch,0,50926,106,0,0,4,203.304,0,0,100,0
4,stage_arrival,6,S02,0,switch,1,50927,23,0,0,4,138.732,0,0,53.2427,0
4,stage_arrival,16,S11,0,switch,12,50922,4,0,0,4,200.84,0,0,53.2427,0
4,stage_arrival,0,S00,5,terminal,0,50921,73,0,0,4,1000,0,0,51.655,0
4,stage_arrival,4,S37,0,switch,0,50923,115,0,0,4,203.508,0,0,100,0
4,stage_arrival,54,S31,1,switch,37,50924,105,0,0,4,242.335,0,0,51.655,0
4,stage_arrival,50,S38,2,switch,4,50923,115,0,0,4,290.506,0,0,100,0
4,stage_arrival,37,S32,0,switch,0,50921,73,0,0,4,103.31,0,0,51.655,0
4,stage_arrival,11,S03,0,switch,6,50927,23,0,0,4,132.338,0,0,53.2427,0
4,stage_arrival,1,S01,0,switch,0,50925,43,0,0,4,159.728,0,0,53.2427,0
4,stage_arrival,35,S17,2,switch,37,50921,73,0,0,4,246.878,0,0,51.655,0
4,stage_arrival,0,S00,5,terminal,0,50927,23,0,0,4,1000,0,0,54.3788,0
4,stage_arrival,21,S53,2,switch,8,50925,43,0,0,4,135.597,0,0,53.2427,0
4,stage_arrival,53,S55,1,switch,40,50926,106,0,0,4,298.054,0,0,100,0
4,stage_arrival,6,S02,0,switch,1,50922,4,0,0,4,138.732,0,0,54.7575,0
4,stage_arrival,0,S00,5,terminal,0,50923,115,0,0,4,1000,0,0,100,0
4,stage_arrival,5,S63,0,switch,0,50920,11,0,0,4,259.679,0,0,100,0
4,stage_arrival,45,S28,2,switch,43,50926,106,0,0,4,227.415,0,0,100,0
4,stage_arrival,2,S10,1,switch,16,50922,4,0,0,4,243.793,0,0,53.2427,0
4,stage_arrival,57,S47,1,switch,50,50923,115,0,0,4,259.289,0,0,100,0
4,stage_arrival,0,S00,5,terminal,0,50924,105,0,0,4,1000,0,0,51.655,0
4,stage_arrival,1,S01,0,switch,0,50927,23,0,0,4,159.728,0,0,53.2427,0
4,stage_arrival,36,S18,0,switch,35,50921,73,0,0,4,247.316,0,0,51.655,0
4,stage_arrival,12,S04,0,switch,6,50922,4,0,0,4,184.169,0,0,53.2427,0
4,stage_arrival,8,S52,0,switch,1,50925,43,0,0,4,255.562,0,0,53.2427,0
4,allocate_send_arrival,0,S00,5,terminal,0,50920,11,0,0,4,1000,0,100,1.45519e-14,0
4,allocate_send_arrival,0,S00,5,terminal,0,50925,43,0,0,4,1000,0,54.3788,0,0
4,allocate_send_arrival,0,S00,5,terminal,0,50921,73,0,0,4,1000,0,51.655,0,0
4,allocate_send_arrival,0,S00,5,terminal,0,50927,23,0,0,4,1000,0,54.3788,0,0
4,allocate_send_arrival,0,S00,5,terminal,0,50923,115,0,0,4,1000,0,100,1.45519e-14,0
4,allocate_send_arrival,0,S00,5,terminal,0,50924,105,0,0,4,1000,0,51.655,0,0
4,allocate_send_arrival,57,S47,1,switch,50,50923,115,0,0,4,259.289,0,100,0,0
4,allocate_send_arrival,8,S52,0,switch,1,50925,43,0,0,4,255.562,0,53.2427,0,0
4,allocate_send_arrival,35,S17,2,switch,37,50921,73,0,0,4,246.878,0,51.655,0,0
4,allocate_send_arrival,6,S02,0,switch,1,50927,23,0,0,4,138.732,0,53.2427,0,0
4,allocate_send_arrival,6,S02,0,switch,1,50922,4,0,0,4,138.732,0,54.7575,0,0
4,allocate_send_arrival,2,S10,1,switch,16,50922,4,0,0,4,243.793,0,53.2427,0,0
4,allocate_send_arrival,36,S18,0,switch,35,50921,73,0,0,4,247.316,0,51.655,0,0
4,allocate_send_arrival,45,S28,2,switch,43,50926,106,0,0,4,227.415,0,100,0,0
4,allocate_send_arrival,53,S55,1,switch,40,50926,106,0,0,4,298.054,0,100,0,0
4,allocate_send_arrival,1,S01,0,switch,0,50925,43,0,0,4,159.728,0,53.2427,0,0
4,allocate_send_arrival,1,S01,0,switch,0,50927,23,0,0,4,159.728,0,53.2427,0,0
4,allocate_send_arrival,4,S37,0,switch,0,50923,115,0,0,4,203.508,0,100,0,0
4,allocate_send_arrival,12,S04,0,switch,6,50922,4,0,0,4,184.169,0,53.2427,0,0
4,allocate_send_arrival,21,S53,2,switch,8,50925,43,0,0,4,135.597,0,53.2427,0,0
4,allocate_send_arrival,5,S63,0,switch,0,50920,11,0,0,4,259.679,0,100,0,0
4,allocate_send_arrival,54,S31,1,switch,37,50924,105,0,0,4,242.335,0,51.655,0,0
4,allocate_send_arrival,11,S03,0,switch,6,50927,23,0,0,4,132.338,0,53.2427,0,0
4,allocate_send_arrival,16,S11,0,switch,12,50922,4,0,0,4,200.84,0,53.2427,0,0
4,allocate_send_arrival,50,S38,2,switch,4,50923,115,0,0,4,290.506,0,100,0,0
4,allocate_send_arrival,52,S30,2,switch,54,50924,105,0,0,4,164.752,0,51.655,0,0
4,allocate_send_arrival,40,S29,1,switch,45,50926,106,0,0,4,131.396,0,100,0,0
4,allocate_send_arrival,43,S22,0,switch,0,50926,106,0,0,4,203.304,0,100,0,0
4,allocate_send_arrival,37,S32,0,switch,0,50924,105,0,0,4,103.31,0,50.517,1.13801,0
4,enqueue_residual,37,S32,0,switch,0,50924,105,0,0,4,103.31,0,0,1.13801,0
4,allocate_send_arrival,37,S32,0,switch,0,50921,73,0,0,4,103.31,0,50.517,1.13801,0
4,enqueue_residual,37,S32,0,switch,0,50921,73,0,0,4,103.31,0,0,1.13801,0
5,allocate_send_buffered,37,S32,0,switch,0,50924,105,0,0,5,103.31,2.27603,1.13801,0,0
5,allocate_send_buffered,37,S32,0,switch,0,50921,73,0,0,5,103.31,2.27603,1.13801,0,0
5,stage_arrival,16,S11,0,switch,12,50922,4,0,0,5,200.84,0,0,53.2427,0
5,stage_arrival,37,S32,0,switch,0,50921,73,0,0,5,103.31,0,0,51.655,0
5,stage_arrival,0,S00,5,terminal,0,50924,105,0,0,5,1000,0,0,50.517,0
5,stage_arrival,0,S00,5,terminal,0,50926,106,0,0,5,1000,0,0,100,0
5,stage_arrival,21,S53,2,switch,8,50925,43,0,0,5,135.597,0,0,53.2427,0
5,stage_arrival,0,S00,5,terminal,0,50920,11,0,0,5,1000,0,0,100,0
5,stage_arrival,1,S01,0,switch,0,50922,4,0,0,5,159.728,0,0,54.7575,0
5,stage_arrival_coalesce,0,S00,5,terminal,0,50924,105,0,0,5,1000,0,0,51.655,0
5,stage_arrival,0,S00,5,terminal,0,50921,73,0,0,5,1000,0,0,50.517,0
5,stage_arrival,0,S00,5,terminal,0,50925,43,0,0,5,1000,0,0,53.2427,0
5,stage_arrival,57,S47,1,switch,50,50923,115,0,0,5,259.289,0,0,100,0
5,stage_arrival,53,S55,1,switch,40,50926,106,0,0,5,298.054,0,0,100,0
5,stage_arrival,43,S22,0,switch,0,50926,106,0,0,5,203.304,0,0,100,0
5,stage_arrival,1,S01,0,switch,0,50927,23,0,0,5,159.728,0,0,53.2427,0
5,stage_arrival,2,S10,1,switch,16,50922,4,0,0,5,243.793,0,0,53.2427,0
5,stage_arrival,0,S00,5,terminal,0,50927,23,0,0,5,1000,0,0,53.2427,0
5,stage_arrival,11,S03,0,switch,6,50927,23,0,0,5,132.338,0,0,53.2427,0
5,stage_arrival,4,S37,0,switch,0,50923,115,0,0,5,203.508,0,0,100,0
5,stage_arrival,6,S02,0,switch,1,50922,4,0,0,5,138.732,0,0,53.2427,0
5,stage_arrival,36,S18,0,switch,35,50921,73,0,0,5,247.316,0,0,51.655,0
5,stage_arrival,0,S00,5,terminal,0,50923,115,0,0,5,1000,0,0,100,0
5,stage_arrival,8,S52,0,switch,1,50925,43,0,0,5,255.562,0,0,53.2427,0
5,stage_arrival,54,S31,1,switch,37,50924,105,0,0,5,242.335,0,0,51.655,0
5,stage_arrival,6,S02,0,switch,1,50927,23,0,0,5,138.732,0,0,53.2427,0
5,stage_arrival,40,S29,1,switch,45,50926,106,0,0,5,131.396,0,0,100,0
5,stage_arrival,5,S63,0,switch,0,50920,11,0,0,5,259.679,0,0,100,0
5,stage_arrival,1,S01,0,switch,0,50925,43,0,0,5,159.728,0,0,53.2427,0
5,stage_arrival,37,S32,0,switch,0,50924,105,0,0,5,103.31,0,0,51.655,0
5,stage_arrival,12,S04,0,switch,6,50922,4,0,0,5,184.169,0,0,53.2427,0
5,stage_arrival,50,S38,2,switch,4,50923,115,0,0,5,290.506,0,0,100,0
5,stage_arrival,52,S30,2,switch,54,50924,105,0,0,5,164.752,0,0,51.655,0
5,stage_arrival,35,S17,2,switch,37,50921,73,0,0,5,246.878,0,0,51.655,0
5,stage_arrival_coalesce,0,S00,5,terminal,0,50921,73,0,0,5,1000,0,0,51.655,0
5,stage_arrival,45,S28,2,switch,43,50926,106,0,0,5,227.415,0,0,100,0
5,allocate_send_arrival,35,S17,2,switch,37,50921,73,0,0,5,246.878,0,51.655,0,0
5,allocate_send_arrival,8,S52,0,switch,1,50925,43,0,0,5,255.562,0,53.2427,0,0
5,allocate_send_arrival,2,S10,1,switch,16,50922,4,0,0,5,243.793,0,53.2427,0,0
5,allocate_send_arrival,0,S00,5,terminal,0,50924,105,0,0,5,1000,0,51.655,0,0
5,allocate_send_arrival,0,S00,5,terminal,0,50926,106,0,0,5,1000,0,100,1.45519e-14,0
5,allocate_send_arrival,0,S00,5,terminal,0,50920,11,0,0,5,1000,0,100,1.45519e-14,0
5,allocate_send_arrival,0,S00,5,terminal,0,50921,73,0,0,5,1000,0,51.655,0,0
5,allocate_send_arrival,0,S00,5,terminal,0,50925,43,0,0,5,1000,0,53.2427,0,0
5,allocate_send_arrival,0,S00,5,terminal,0,50927,23,0,0,5,1000,0,53.2427,0,0
5,allocate_send_arrival,0,S00,5,terminal,0,50923,115,0,0,5,1000,0,100,1.45519e-14,0
5,allocate_send_arrival,57,S47,1,switch,50,50923,115,0,0,5,259.289,0,100,0,0
5,allocate_send_arrival,12,S04,0,switch,6,50922,4,0,0,5,184.169,0,53.2427,0,0
5,allocate_send_arrival,43,S22,0,switch,0,50926,106,0,0,5,203.304,0,100,0,0
5,allocate_send_arrival,52,S30,2,switch,54,50924,105,0,0,5,164.752,0,51.655,0,0
5,allocate_send_arrival,45,S28,2,switch,43,50926,106,0,0,5,227.415,0,100,0,0
5,allocate_send_arrival,21,S53,2,switch,8,50925,43,0,0,5,135.597,0,53.2427,0,0
5,allocate_send_arrival,53,S55,1,switch,40,50926,106,0,0,5,298.054,0,100,0,0
5,allocate_send_arrival,40,S29,1,switch,45,50926,106,0,0,5,131.396,0,100,0,0
5,allocate_send_arrival,11,S03,0,switch,6,50927,23,0,0,5,132.338,0,53.2427,0,0
5,allocate_send_arrival,4,S37,0,switch,0,50923,115,0,0,5,203.508,0,100,0,0
5,allocate_send_arrival,5,S63,0,switch,0,50920,11,0,0,5,259.679,0,100,0,0
5,allocate_send_arrival,50,S38,2,switch,4,50923,115,0,0,5,290.506,0,100,0,0
5,allocate_send_arrival,1,S01,0,switch,0,50922,4,0,0,5,159.728,0,53.2427,1.51481,0
5,enqueue_residual,1,S01,0,switch,0,50922,4,0,0,5,159.728,0,0,1.51481,0
5,allocate_send_arrival,1,S01,0,switch,0,50927,23,0,0,5,159.728,0,53.2427,0,0
5,allocate_send_arrival,1,S01,0,switch,0,50925,43,0,0,5,159.728,0,53.2427,0,0
5,allocate_send_arrival,54,S31,1,switch,37,50924,105,0,0,5,242.335,0,51.655,0,0
5,allocate_send_arrival,6,S02,0,switch,1,50922,4,0,0,5,138.732,0,53.2427,0,0
5,allocate_send_arrival,6,S02,0,switch,1,50927,23,0,0,5,138.732,0,53.2427,0,0
5,allocate_send_arrival,37,S32,0,switch,0,50921,73,0,0,5,103.31,0,50.517,1.13801,0
5,enqueue_residual,37,S32,0,switch,0,50921,73,0,0,5,103.31,0,0,1.13801,0
5,allocate_send_arrival,37,S32,0,switch,0,50924,105,0,0,5,103.31,0,50.517,1.13801,0
5,enqueue_residual,37,S32,0,switch,0,50924,105,0,0,5,103.31,0,0,1.13801,0
5,allocate_send_arrival,36,S18,0,switch,35,50921,73,0,0,5,247.316,0,51.655,0,0
5,allocate_send_arrival,16,S11,0,switch,12,50922,4,0,0,5,200.84,0,53.2427,0,0
6,allocate_send_buffered,37,S32,0,switch,0,50921,73,0,0,6,103.31,2.27603,1.13801,0,0
6,allocate_send_buffered,37,S32,0,switch,0,50924,105,0,0,6,103.31,2.27603,1.13801,0,0
6,allocate_send_buffered,1,S01,0,switch,0,50922,4,0,0,6,159.728,1.51481,1.51481,0,0
6,stage_arrival,4,S37,0,switch,0,50923,115,0,0,6,203.508,0,0,100,0
6,stage_arrival,0,S00,5,terminal,0,50927,23,0,0,6,1000,0,0,53.2427,0
6,stage_arrival,57,S47,1,switch,50,50923,115,0,0,6,259.289,0,0,100,0
6,stage_arrival,21,S53,2,switch,8,50925,43,0,0,6,135.597,0,0,53.2427,0
6,stage_arrival,2,S10,1,switch,16,50922,4,0,0,6,243.793,0,0,53.2427,0
6,stage_arrival,0,S00,5,terminal,0,50920,11,0,0,6,1000,0,0,100,0
6,stage_arrival,36,S18,0,switch,35,50921,73,0,0,6,247.316,0,0,51.655,0
6,stage_arrival,1,S01,0,switch,0,50922,4,0,0,6,159.728,0,0,53.2427,0
6,stage_arrival,5,S63,0,switch,0,50920,11,0,0,6,259.679,0,0,100,0
6,stage_arrival,37,S32,0,switch,0,50924,105,0,0,6,103.31,0,0,51.655,0
6,stage_arrival,0,S00,5,terminal,0,50925,43,0,0,6,1000,0,0,53.2427,0
6,stage_arrival,0,S00,5,terminal,0,50924,105,0,0,6,1000,0,0,50.517,0
6,stage_arrival,0,S00,5,terminal,0,50921,73,0,0,6,1000,0,0,50.517,0
6,stage_arrival,8,S52,0,switch,1,50925,43,0,0,6,255.562,0,0,53.2427,0
6,stage_arrival,0,S00,5,terminal,0,50926,106,0,0,6,1000,0,0,100,0
6,stage_arrival,12,S04,0,switch,6,50922,4,0,0,6,184.169,0,0,53.2427,0
6,stage_arrival,6,S02,0,switch,1,50922,4,0,0,6,138.732,0,0,53.2427,0
6,stage_arrival,50,S38,2,switch,4,50923,115,0,0,6,290.506,0,0,100,0
6,stage_arrival,35,S17,2,switch,37,50921,73,0,0,6,246.878,0,0,51.655,0
6,stage_arrival,0,S00,5,terminal,0,50922,4,0,0,6,1000,0,0,53.2427,0
6,stage_arrival,37,S32,0,switch,0,50921,73,0,0,6,103.31,0,0,51.655,0
6,stage_arrival,53,S55,1,switch,40,50926,106,0,0,6,298.054,0,0,100,0
6,stage_arrival_coalesce,0,S00,5,terminal,0,50924,105,0,0,6,1000,0,0,51.655,0
6,stage_arrival,43,S22,0,switch,0,50926,106,0,0,6,203.304,0,0,100,0
6,stage_arrival,6,S02,0,switch,1,50927,23,0,0,6,138.732,0,0,53.2427,0
6,stage_arrival,54,S31,1,switch,37,50924,105,0,0,6,242.335,0,0,51.655,0
6,stage_arrival,11,S03,0,switch,6,50927,23,0,0,6,132.338,0,0,53.2427,0
6,stage_arrival,1,S01,0,switch,0,50925,43,0,0,6,159.728,0,0,53.2427,0
6,stage_arrival_coalesce,0,S00,5,terminal,0,50921,73,0,0,6,1000,0,0,51.655,0
6,stage_arrival,40,S29,1,switch,45,50926,106,0,0,6,131.396,0,0,100,0
6,stage_arrival,52,S30,2,switch,54,50924,105,0,0,6,164.752,0,0,51.655,0
6,stage_arrival,45,S28,2,switch,43,50926,106,0,0,6,227.415,0,0,100,0
6,stage_arrival,16,S11,0,switch,12,50922,4,0,0,6,200.84,0,0,53.2427,0
6,stage_arrival,1,S01,0,switch,0,50927,23,0,0,6,159.728,0,0,53.2427,0
6,stage_arrival,0,S00,5,terminal,0,50923,115,0,0,6,1000,0,0,100,0
6,allocate_send_arrival,45,S28,2,switch,43,50926,106,0,0,6,227.415,0,100,0,0
6,allocate_send_arrival,8,S52,0,switch,1,50925,43,0,0,6,255.562,0,53.2427,0,0
6,allocate_send_arrival,35,S17,2,switch,37,50921,73,0,0,6,246.878,0,51.655,0,0
6,allocate_send_arrival,2,S10,1,switch,16,50922,4,0,0,6,243.793,0,53.2427,0,0
6,allocate_send_arrival,37,S32,0,switch,0,50924,105,0,0,6,103.31,0,50.517,1.13801,0
6,enqueue_residual,37,S32,0,switch,0,50924,105,0,0,6,103.31,0,0,1.13801,0
6,allocate_send_arrival,37,S32,0,switch,0,50921,73,0,0,6,103.31,0,50.517,1.13801,0
6,enqueue_residual,37,S32,0,switch,0,50921,73,0,0,6,103.31,0,0,1.13801,0
6,allocate_send_arrival,0,S00,5,terminal,0,50927,23,0,0,6,1000,0,53.2427,0,0
6,allocate_send_arrival,0,S00,5,terminal,0,50920,11,0,0,6,1000,0,100,0,0
6,allocate_send_arrival,0,S00,5,terminal,0,50925,43,0,0,6,1000,0,53.2427,0,0
6,allocate_send_arrival,0,S00,5,terminal,0,50924,105,0,0,6,1000,0,51.655,0,0
6,allocate_send_arrival,0,S00,5,terminal,0,50921,73,0,0,6,1000,0,51.655,0,0
6,allocate_send_arrival,0,S00,5,terminal,0,50926,106,0,0,6,1000,0,100,0,0
6,allocate_send_arrival,0,S00,5,terminal,0,50922,4,0,0,6,1000,0,53.2427,0,0
6,allocate_send_arrival,0,S00,5,terminal,0,50923,115,0,0,6,1000,0,100,0,0
6,allocate_send_arrival,36,S18,0,switch,35,50921,73,0,0,6,247.316,0,51.655,0,0
6,allocate_send_arrival,4,S37,0,switch,0,50923,115,0,0,6,203.508,0,100,0,0
6,allocate_send_arrival,40,S29,1,switch,45,50926,106,0,0,6,131.396,0,100,0,0
6,allocate_send_arrival,53,S55,1,switch,40,50926,106,0,0,6,298.054,0,100,0,0
6,allocate_send_arrival,52,S30,2,switch,54,50924,105,0,0,6,164.752,0,51.655,0,0
6,allocate_send_arrival,43,S22,0,switch,0,50926,106,0,0,6,203.304,0,100,0,0
6,allocate_send_arrival,50,S38,2,switch,4,50923,115,0,0,6,290.506,0,100,0,0
6,allocate_send_arrival,5,S63,0,switch,0,50920,11,0,0,6,259.679,0,100,0,0
6,allocate_send_arrival,21,S53,2,switch,8,50925,43,0,0,6,135.597,0,53.2427,0,0
6,allocate_send_arrival,1,S01,0,switch,0,50922,4,0,0,6,159.728,0,52.7377,0.504937,0
6,enqueue_residual,1,S01,0,switch,0,50922,4,0,0,6,159.728,0,0,0.504937,0
6,allocate_send_arrival,1,S01,0,switch,0,50925,43,0,0,6,159.728,0,52.7377,0.504937,0
6,enqueue_residual,1,S01,0,switch,0,50925,43,0,0,6,159.728,0,0,0.504937,0
6,allocate_send_arrival,1,S01,0,switch,0,50927,23,0,0,6,159.728,0,52.7377,0.504937,0
6,enqueue_residual,1,S01,0,switch,0,50927,23,0,0,6,159.728,0,0,0.504937,0
6,allocate_send_arrival,16,S11,0,switch,12,50922,4,0,0,6,200.84,0,53.2427,0,0
6,allocate_send_arrival,57,S47,1,switch,50,50923,115,0,0,6,259.289,0,100,0,0
6,allocate_send_arrival,11,S03,0,switch,6,50927,23,0,0,6,132.338,0,53.2427,0,0
6,allocate_send_arrival,12,S04,0,switch,6,50922,4,0,0,6,184.169,0,53.2427,0,0
6,allocate_send_arrival,54,S31,1,switch,37,50924,105,0,0,6,242.335,0,51.655,0,0
6,allocate_send_arrival,6,S02,0,switch,1,50922,4,0,0,6,138.732,0,53.2427,0,0
6,allocate_send_arrival,6,S02,0,switch,1,50927,23,0,0,6,138.732,0,53.2427,0,0
7,allocate_send_buffered,1,S01,0,switch,0,50922,4,0,0,7,159.728,1.51481,0.504937,0,0
7,allocate_send_buffered,1,S01,0,switch,0,50925,43,0,0,7,159.728,1.51481,0.504937,0,0
7,allocate_send_buffered,1,S01,0,switch,0,50927,23,0,0,7,159.728,1.51481,0.504937,0,0
7,allocate_send_buffered,37,S32,0,switch,0,50924,105,0,0,7,103.31,2.27603,1.13801,0,0
7,allocate_send_buffered,37,S32,0,switch,0,50921,73,0,0,7,103.31,2.27603,1.13801,0,0
7,stage_arrival,5,S63,0,switch,0,50920,11,0,0,7,259.679,0,0,100,0
7,stage_arrival,1,S01,0,switch,0,50927,23,0,0,7,159.728,0,0,53.2427,0
7,stage_arrival,35,S17,2,switch,37,50921,73,0,0,7,246.878,0,0,51.655,0
7,stage_arrival,12,S04,0,switch,6,50922,4,0,0,7,184.169,0,0,53.2427,0
7,stage_arrival,0,S00,5,terminal,0,50923,115,0,0,7,1000,0,0,100,0
7,stage_arrival,43,S22,0,switch,0,50926,106,0,0,7,203.304,0,0,100,0
7,stage_arrival,0,S00,5,terminal,0,50922,4,0,0,7,1000,0,0,1.51481,0
7,stage_arrival,0,S00,5,terminal,0,50925,43,0,0,7,1000,0,0,52.7377,0
7,stage_arrival,1,S01,0,switch,0,50925,43,0,0,7,159.728,0,0,53.2427,0
7,stage_arrival_coalesce,0,S00,5,terminal,0,50922,4,0,0,7,1000,0,0,54.2525,0
7,stage_arrival,0,S00,5,terminal,0,50927,23,0,0,7,1000,0,0,52.7377,0
7,stage_arrival,11,S03,0,switch,6,50927,23,0,0,7,132.338,0,0,53.2427,0
7,stage_arrival,21,S53,2,switch,8,50925,43,0,0,7,135.597,0,0,53.2427,0
7,stage_arrival,40,S29,1,switch,45,50926,106,0,0,7,131.396,0,0,100,0
7,stage_arrival,0,S00,5,terminal,0,50921,73,0,0,7,1000,0,0,50.517,0
7,stage_arrival,2,S10,1,switch,16,50922,4,0,0,7,243.793,0,0,53.2427,0
7,stage_arrival,16,S11,0,switch,12,50922,4,0,0,7,200.84,0,0,53.2427,0
7,stage_arrival,37,S32,0,switch,0,50921,73,0,0,7,103.31,0,0,51.655,0
7,stage_arrival,8,S52,0,switch,1,50925,43,0,0,7,255.562,0,0,53.2427,0
7,stage_arrival,0,S00,5,terminal,0,50924,105,0,0,7,1000,0,0,50.517,0
7,stage_arrival,1,S01,0,switch,0,50922,4,0,0,7,159.728,0,0,53.2427,0
7,stage_arrival_coalesce,0,S00,5,terminal,0,50924,105,0,0,7,1000,0,0,51.655,0
7,stage_arrival,57,S47,1,switch,50,50923,115,0,0,7,259.289,0,0,100,0
7,stage_arrival,52,S30,2,switch,54,50924,105,0,0,7,164.752,0,0,51.655,0
7,stage_arrival,6,S02,0,switch,1,50922,4,0,0,7,138.732,0,0,53.2427,0
7,stage_arrival,45,S28,2,switch,43,50926,106,0,0,7,227.415,0,0,100,0
7,stage_arrival,6,S02,0,switch,1,50927,23,0,0,7,138.732,0,0,53.2427,0
7,stage_arrival_coalesce,0,S00,5,terminal,0,50921,73,0,0,7,1000,0,0,51.655,0
7,stage_arrival,4,S37,0,switch,0,50923,115,0,0,7,203.508,0,0,100,0
7,stage_arrival,37,S32,0,switch,0,50924,105,0,0,7,103.31,0,0,51.655,0
7,stage_arrival,53,S55,1,switch,40,50926,106,0,0,7,298.054,0,0,100,0
7,stage_arrival,0,S00,5,terminal,0,50920,11,0,0,7,1000,0,0,100,0
7,stage_arrival,0,S00,5,terminal,0,50926,106,0,0,7,1000,0,0,100,0
7,stage_arrival,36,S18,0,switch,35,50921,73,0,0,7,247.316,0,0,51.655,0
7,stage_arrival,54,S31,1,switch,37,50924,105,0,0,7,242.335,0,0,51.655,0
7,stage_arrival,50,S38,2,switch,4,50923,115,0,0,7,290.506,0,0,100,0
7,allocate_send_arrival,6,S02,0,switch,1,50922,4,0,0,7,138.732,0,53.2427,0,0
7,allocate_send_arrival,6,S02,0,switch,1,50927,23,0,0,7,138.732,0,53.2427,0,0
7,allocate_send_arrival,11,S03,0,switch,6,50927,23,0,0,7,132.338,0,53.2427,0,0
7,allocate_send_arrival,36,S18,0,switch,35,50921,73,0,0,7,247.316,0,51.655,0,0
7,allocate_send_arrival,0,S00,5,terminal,0,50923,115,0,0,7,1000,0,100,0,0
7,allocate_send_arrival,0,S00,5,terminal,0,50922,4,0,0,7,1000,0,54.2525,0,0
7,allocate_send_arrival,0,S00,5,terminal,0,50925,43,0,0,7,1000,0,52.7377,0,0
7,allocate_send_arrival,0,S00,5,terminal,0,50927,23,0,0,7,1000,0,52.7377,0,0
7,allocate_send_arrival,0,S00,5,terminal,0,50921,73,0,0,7,1000,0,51.655,0,0
7,allocate_send_arrival,0,S00,5,terminal,0,50924,105,0,0,7,1000,0,51.655,0,0
7,allocate_send_arrival,0,S00,5,terminal,0,50920,11,0,0,7,1000,0,100,0,0
7,allocate_send_arrival,0,S00,5,terminal,0,50926,106,0,0,7,1000,0,100,0,0
7,allocate_send_arrival,8,S52,0,switch,1,50925,43,0,0,7,255.562,0,53.2427,0,0
7,allocate_send_arrival,37,S32,0,switch,0,50921,73,0,0,7,103.31,0,50.517,1.13801,0
7,enqueue_residual,37,S32,0,switch,0,50921,73,0,0,7,103.31,0,0,1.13801,0
7,allocate_send_arrival,37,S32,0,switch,0,50924,105,0,0,7,103.31,0,50.517,1.13801,0
7,enqueue_residual,37,S32,0,switch,0,50924,105,0,0,7,103.31,0,0,1.13801,0
7,allocate_send_arrival,54,S31,1,switch,37,50924,105,0,0,7,242.335,0,51.655,0,0
7,allocate_send_arrival,57,S47,1,switch,50,50923,115,0,0,7,259.289,0,100,0,0
7,allocate_send_arrival,2,S10,1,switch,16,50922,4,0,0,7,243.793,0,53.2427,0,0
7,allocate_send_arrival,53,S55,1,switch,40,50926,106,0,0,7,298.054,0,100,0,0
7,allocate_send_arrival,16,S11,0,switch,12,50922,4,0,0,7,200.84,0,53.2427,0,0
7,allocate_send_arrival,43,S22,0,switch,0,50926,106,0,0,7,203.304,0,100,0,0
7,allocate_send_arrival,4,S37,0,switch,0,50923,115,0,0,7,203.508,0,100,0,0
7,allocate_send_arrival,21,S53,2,switch,8,50925,43,0,0,7,135.597,0,53.2427,0,0
7,allocate_send_arrival,35,S17,2,switch,37,50921,73,0,0,7,246.878,0,51.655,0,0
7,allocate_send_arrival,5,S63,0,switch,0,50920,11,0,0,7,259.679,0,100,0,0
7,allocate_send_arrival,40,S29,1,switch,45,50926,106,0,0,7,131.396,0,100,0,0
7,allocate_send_arrival,50,S38,2,switch,4,50923,115,0,0,7,290.506,0,100,0,0
7,allocate_send_arrival,52,S30,2,switch,54,50924,105,0,0,7,164.752,0,51.655,0,0
7,allocate_send_arrival,12,S04,0,switch,6,50922,4,0,0,7,184.169,0,53.2427,0,0
7,allocate_send_arrival,45,S28,2,switch,43,50926,106,0,0,7,227.415,0,100,0,0
7,allocate_send_arrival,1,S01,0,switch,0,50927,23,0,0,7,159.728,0,52.7377,0.504937,0
7,enqueue_residual,1,S01,0,switch,0,50927,23,0,0,7,159.728,0,0,0.504937,0
7,allocate_send_arrival,1,S01,0,switch,0,50925,43,0,0,7,159.728,0,52.7377,0.504937,0
7,enqueue_residual,1,S01,0,switch,0,50925,43,0,0,7,159.728,0,0,0.504937,0
7,allocate_send_arrival,1,S01,0,switch,0,50922,4,0,0,7,159.728,0,52.7377,0.504937,0
7,enqueue_residual,1,S01,0,switch,0,50922,4,0,0,7,159.728,0,0,0.504937,0
8,allocate_send_buffered,1,S01,0,switch,0,50927,23,0,0,8,159.728,1.51481,0.504937,0,0
8,allocate_send_buffered,1,S01,0,switch,0,50925,43,0,0,8,159.728,1.51481,0.504937,0,0
8,allocate_send_buffered,1,S01,0,switch,0,50922,4,0,0,8,159.728,1.51481,0.504937,0,0
8,allocate_send_buffered,37,S32,0,switch,0,50921,73,0,0,8,103.31,2.27603,1.13801,0,0
8,allocate_send_buffered,37,S32,0,switch,0,50924,105,0,0,8,103.31,2.27603,1.13801,0,0
8,stage_arrival,0,S00,5,terminal,0,50927,23,0,0,8,1000,0,0,0.504937,0
8,stage_arrival,0,S00,5,terminal,0,50926,106,0,0,8,1000,0,0,100,0
8,stage_arrival,0,S00,5,terminal,0,50922,4,0,0,8,1000,0,0,52.7377,0
8,stage_arrival,50,S38,2,switch,4,50923,115,0,0,8,290.506,0,0,100,0
8,stage_arrival,43,S22,0,switch,0,50926,106,0,0,8,203.304,0,0,100,0
8,stage_arrival,37,S32,0,switch,0,50921,73,0,0,8,103.31,0,0,51.655,0
8,stage_arrival,54,S31,1,switch,37,50924,105,0,0,8,242.335,0,0,51.655,0
8,stage_arrival,16,S11,0,switch,12,50922,4,0,0,8,200.84,0,0,53.2427,0
8,stage_arrival,1,S01,0,switch,0,50922,4,0,0,8,159.728,0,0,53.2427,0
8,stage_arrival,0,S00,5,terminal,0,50925,43,0,0,8,1000,0,0,52.7377,0
8,stage_arrival,1,S01,0,switch,0,50925,43,0,0,8,159.728,0,0,53.2427,0
8,stage_arrival,0,S00,5,terminal,0,50921,73,0,0,8,1000,0,0,50.517,0
8,stage_arrival,5,S63,0,switch,0,50920,11,0,0,8,259.679,0,0,100,0
8,stage_arrival,0,S00,5,terminal,0,50920,11,0,0,8,1000,0,0,100,0
8,stage_arrival,52,S30,2,switch,54,50924,105,0,0,8,164.752,0,0,51.655,0
8,stage_arrival,36,S18,0,switch,35,50921,73,0,0,8,247.316,0,0,51.655,0
8,stage_arrival,40,S29,1,switch,45,50926,106,0,0,8,131.396,0,0,100,0
8,stage_arrival,6,S02,0,switch,1,50922,4,0,0,8,138.732,0,0,53.2427,0
8,stage_arrival,0,S00,5,terminal,0,50924,105,0,0,8,1000,0,0,1.13801,0
8,stage_arrival,53,S55,1,switch,40,50926,106,0,0,8,298.054,0,0,100,0
8,stage_arrival,6,S02,0,switch,1,50927,23,0,0,8,138.732,0,0,53.2427,0
8,stage_arrival,1,S01,0,switch,0,50927,23,0,0,8,159.728,0,0,53.2427,0
8,stage_arrival,8,S52,0,switch,1,50925,43,0,0,8,255.562,0,0,53.2427,0
8,stage_arrival_coalesce,0,S00,5,terminal,0,50922,4,0,0,8,1000,0,0,53.2427,0
8,stage_arrival,21,S53,2,switch,8,50925,43,0,0,8,135.597,0,0,53.2427,0
8,stage_arrival,0,S00,5,terminal,0,50923,115,0,0,8,1000,0,0,100,0
8,stage_arrival,12,S04,0,switch,6,50922,4,0,0,8,184.169,0,0,53.2427,0
8,stage_arrival_coalesce,0,S00,5,terminal,0,50924,105,0,0,8,1000,0,0,51.655,0
8,stage_arrival_coalesce,0,S00,5,terminal,0,50927,23,0,0,8,1000,0,0,53.2427,0
8,stage_arrival,57,S47,1,switch,50,50923,115,0,0,8,259.289,0,0,100,0
8,stage_arrival,2,S10,1,switch,16,50922,4,0,0,8,243.793,0,0,53.2427,0
8,stage_arrival,35,S17,2,switch,37,50921,73,0,0,8,246.878,0,0,51.655,0
8,stage_arrival,37,S32,0,switch,0,50924,105,0,0,8,103.31,0,0,51.655,0
8,stage_arrival,45,S28,2,switch,43,50926,106,0,0,8,227.415,0,0,100,0
8,stage_arrival,4,S37,0,switch,0,50923,115,0,0,8,203.508,0,0,100,0
8,stage_arrival_coalesce,0,S00,5,terminal,0,50921,73,0,0,8,1000,0,0,51.655,0
8,stage_arrival_coalesce,0,S00,5,terminal,0,50925,43,0,0,8,1000,0,0,53.2427,0
8,stage_arrival,11,S03,0,switch,6,50927,23,0,0,8,132.338,0,0,53.2427,0
8,allocate_send_arrival,35,S17,2,switch,37,50921,73,0,0,8,246.878,0,51.655,0,0
8,allocate_send_arrival,4,S37,0,switch,0,50923,115,0,0,8,203.508,0,100,0,0
8,allocate_send_arrival,37,S32,0,switch,0,50921,73,0,0,8,103.31,0,50.517,1.13801,0
8,enqueue_residual,37,S32,0,switch,0,50921,73,0,0,8,103.31,0,0,1.13801,0
8,allocate_send_arrival,37,S32,0,switch,0,50924,105,0,0,8,103.31,0,50.517,1.13801,0
8,enqueue_residual,37,S32,0,switch,0,50924,105,0,0,8,103.31,0,0,1.13801,0
8,allocate_send_arrival,8,S52,0,switch,1,50925,43,0,0,8,255.562,0,53.2427,0,0
8,allocate_send_arrival,2,S10,1,switch,16,50922,4,0,0,8,243.793,0,53.2427,0,0
8,allocate_send_arrival,52,S30,2,switch,54,50924,105,0,0,8,164.752,0,51.655,0,0
8,allocate_send_arrival,36,S18,0,switch,35,50921,73,0,0,8,247.316,0,51.655,0,0
8,allocate_send_arrival,11,S03,0,switch,6,50927,23,0,0,8,132.338,0,53.2427,0,0
8,allocate_send_arrival,53,S55,1,switch,40,50926,106,0,0,8,298.054,0,100,0,0
8,allocate_send_arrival,21,S53,2,switch,8,50925,43,0,0,8,135.597,0,53.2427,0,0
8,allocate_send_arrival,50,S38,2,switch,4,50923,115,0,0,8,290.506,0,100,0,0
8,allocate_send_arrival,45,S28,2,switch,43,50926,106,0,0,8,227.415,0,100,0,0
8,allocate_send_arrival,16,S11,0,switch,12,50922,4,0,0,8,200.84,0,53.2427,0,0
8,allocate_send_arrival,0,S00,5,terminal,0,50927,23,0,0,8,1000,0,53.2427,0,0
8,allocate_send_arrival,0,S00,5,terminal,0,50926,106,0,0,8,1000,0,100,0,0
8,allocate_send_arrival,0,S00,5,terminal,0,50922,4,0,0,8,1000,0,53.2427,0,0
8,allocate_send_arrival,0,S00,5,terminal,0,50925,43,0,0,8,1000,0,53.2427,0,0
8,allocate_send_arrival,0,S00,5,terminal,0,50921,73,0,0,8,1000,0,51.655,0,0
8,allocate_send_arrival,0,S00,5,terminal,0,50920,11,0,0,8,1000,0,100,0,0
8,allocate_send_arrival,0,S00,5,terminal,0,50924,105,0,0,8,1000,0,51.655,0,0
8,allocate_send_arrival,0,S00,5,terminal,0,50923,115,0,0,8,1000,0,100,0,0
8,allocate_send_arrival,54,S31,1,switch,37,50924,105,0,0,8,242.335,0,51.655,0,0
8,allocate_send_arrival,6,S02,0,switch,1,50922,4,0,0,8,138.732,0,53.2427,0,0
8,allocate_send_arrival,6,S02,0,switch,1,50927,23,0,0,8,138.732,0,53.2427,0,0
8,allocate_send_arrival,1,S01,0,switch,0,50922,4,0,0,8,159.728,0,52.7377,0.504937,0
8,enqueue_residual,1,S01,0,switch,0,50922,4,0,0,8,159.728,0,0,0.504937,0
8,allocate_send_arrival,1,S01,0,switch,0,50925,43,0,0,8,159.728,0,52.7377,0.504937,0
8,enqueue_residual,1,S01,0,switch,0,50925,43,0,0,8,159.728,0,0,0.504937,0
8,allocate_send_arrival,1,S01,0,switch,0,50927,23,0,0,8,159.728,0,52.7377,0.504937,0
8,enqueue_residual,1,S01,0,switch,0,50927,23,0,0,8,159.728,0,0,0.504937,0
8,allocate_send_arrival,43,S22,0,switch,0,50926,106,0,0,8,203.304,0,100,0,0
8,allocate_send_arrival,57,S47,1,switch,50,50923,115,0,0,8,259.289,0,100,0,0
8,allocate_send_arrival,5,S63,0,switch,0,50920,11,0,0,8,259.679,0,100,0,0
8,allocate_send_arrival,40,S29,1,switch,45,50926,106,0,0,8,131.396,0,100,0,0
8,allocate_send_arrival,12,S04,0,switch,6,50922,4,0,0,8,184.169,0,53.2427,0,0
9,allocate_send_buffered,1,S01,0,switch,0,50922,4,0,0,9,159.728,1.51481,0.504937,0,0
9,allocate_send_buffered,1,S01,0,switch,0,50925,43,0,0,9,159.728,1.51481,0.504937,0,0
9,allocate_send_buffered,1,S01,0,switch,0,50927,23,0,0,9,159.728,1.51481,0.504937,0,0
9,allocate_send_buffered,37,S32,0,switch,0,50921,73,0,0,9,103.31,2.27603,1.13801,0,0
9,allocate_send_buffered,37,S32,0,switch,0,50924,105,0,0,9,103.31,2.27603,1.13801,0,0
9,stage_arrival,16,S11,0,switch,12,50922,4,0,0,9,200.84,0,0,53.2427,0
9,stage_arrival,53,S55,1,switch,40,50926,106,0,0,9,298.054,0,0,100,0
9,stage_arrival,0,S00,5,terminal,0,50927,23,0,0,9,1000,0,0,0.504937,0
9,stage_arrival,52,S30,2,switch,54,50924,105,0,0,9,164.752,0,0,51.655,0
9,stage_arrival,0,S00,5,terminal,0,50922,4,0,0,9,1000,0,0,0.504937,0
9,stage_arrival,6,S02,0,switch,1,50922,4,0,0,9,138.732,0,0,53.2427,0
9,stage_arrival,43,S22,0,switch,0,50926,106,0,0,9,203.304,0,0,100,0
9,stage_arrival,0,S00,5,terminal,0,50924,105,0,0,9,1000,0,0,1.13801,0
9,stage_arrival,11,S03,0,switch,6,50927,23,0,0,9,132.338,0,0,53.2427,0
9,stage_arrival,1,S01,0,switch,0,50927,23,0,0,9,159.728,0,0,53.2427,0
9,stage_arrival,5,S63,0,switch,0,50920,11,0,0,9,259.679,0,0,100,0
9,stage_arrival,0,S00,5,terminal,0,50923,115,0,0,9,1000,0,0,100,0
9,stage_arrival,21,S53,2,switch,8,50925,43,0,0,9,135.597,0,0,53.2427,0
9,stage_arrival,54,S31,1,switch,37,50924,105,0,0,9,242.335,0,0,51.655,0
9,stage_arrival_coalesce,0,S00,5,terminal,0,50924,105,0,0,9,1000,0,0,51.655,0
9,stage_arrival,35,S17,2,switch,37,50921,73,0,0,9,246.878,0,0,51.655,0
9,stage_arrival,57,S47,1,switch,50,50923,115,0,0,9,259.289,0,0,100,0
9,stage_arrival,0,S00,5,terminal,0,50921,73,0,0,9,1000,0,0,50.517,0
9,stage_arrival,0,S00,5,terminal,0,50925,43,0,0,9,1000,0,0,0.504937,0
9,stage_arrival,36,S18,0,switch,35,50921,73,0,0,9,247.316,0,0,51.655,0
9,stage_arrival,1,S01,0,switch,0,50922,4,0,0,9,159.728,0,0,53.2427,0
9,stage_arrival_coalesce,0,S00,5,terminal,0,50921,73,0,0,9,1000,0,0,51.655,0
9,stage_arrival,50,S38,2,switch,4,50923,115,0,0,9,290.506,0,0,100,0
9,stage_arrival_coalesce,0,S00,5,terminal,0,50925,43,0,0,9,1000,0,0,53.2427,0
9,stage_arrival,1,S01,0,switch,0,50925,43,0,0,9,159.728,0,0,53.2427,0
9,stage_arrival_coalesce,0,S00,5,terminal,0,50922,4,0,0,9,1000,0,0,53.2427,0
9,stage_arrival,12,S04,0,switch,6,50922,4,0,0,9,184.169,0,0,53.2427,0
9,stage_arrival,0,S00,5,terminal,0,50920,11,0,0,9,1000,0,0,100,0
9,stage_arrival,37,S32,0,switch,0,50921,73,0,0,9,103.31,0,0,51.655,0
9,stage_arrival,2,S10,1,switch,16,50922,4,0,0,9,243.793,0,0,53.2427,0
9,stage_arrival,4,S37,0,switch,0,50923,115,0,0,9,203.508,0,0,100,0
9,stage_arrival,8,S52,0,switch,1,50925,43,0,0,9,255.562,0,0,53.2427,0
9,stage_arrival,6,S02,0,switch,1,50927,23,0,0,9,138.732,0,0,53.2427,0
9,stage_arrival_coalesce,0,S00,5,terminal,0,50927,23,0,0,9,1000,0,0,53.2427,0
9,stage_arrival,37,S32,0,switch,0,50924,105,0,0,9,103.31,0,0,51.655,0
9,stage_arrival,40,S29,1,switch,45,50926,106,0,0,9,131.396,0,0,100,0
9,stage_arrival,45,S28,2,switch,43,50926,106,0,0,9,227.415,0,0,100,0
9,stage_arrival,0,S00,5,terminal,0,50926,106,0,0,9,1000,0,0,100,0
9,allocate_send_arrival,52,S30,2,switch,54,50924,105,0,0,9,164.752,0,51.655,0,0
9,allocate_send_arrival,36,S18,0,switch,35,50921,73,0,0,9,247.316,0,51.655,0,0
9,allocate_send_arrival,2,S10,1,switch,16,50922,4,0,0,9,243.793,0,53.2427,0,0
9,allocate_send_arrival,35,S17,2,switch,37,50921,73,0,0,9,246.878,0,51.655,0,0
9,allocate_send_arrival,0,S00,5,terminal,0,50927,23,0,0,9,1000,0,53.2427,0,0
9,allocate_send_arrival,0,S00,5,terminal,0,50922,4,0,0,9,1000,0,53.2427,0,0
9,allocate_send_arrival,0,S00,5,terminal,0,50924,105,0,0,9,1000,0,51.655,0,0
9,allocate_send_arrival,0,S00,5,terminal,0,50923,115,0,0,9,1000,0,100,0,0
9,allocate_send_arrival,0,S00,5,terminal,0,50921,73,0,0,9,1000,0,51.655,0,0
9,allocate_send_arrival,0,S00,5,terminal,0,50925,43,0,0,9,1000,0,53.2427,0,0
9,allocate_send_arrival,0,S00,5,terminal,0,50920,11,0,0,9,1000,0,100,0,0
9,allocate_send_arrival,0,S00,5,terminal,0,50926,106,0,0,9,1000,0,100,0,0
9,allocate_send_arrival,37,S32,0,switch,0,50921,73,0,0,9,103.31,0,50.517,1.13801,0
9,enqueue_residual,37,S32,0,switch,0,50921,73,0,0,9,103.31,0,0,1.13801,0
9,allocate_send_arrival,37,S32,0,switch,0,50924,105,0,0,9,103.31,0,50.517,1.13801,0
9,enqueue_residual,37,S32,0,switch,0,50924,105,0,0,9,103.31,0,0,1.13801,0
9,allocate_send_arrival,53,S55,1,switch,40,50926,106,0,0,9,298.054,0,100,0,0
9,allocate_send_arrival,1,S01,0,switch,0,50927,23,0,0,9,159.728,0,52.7377,0.504937,0
9,enqueue_residual,1,S01,0,switch,0,50927,23,0,0,9,159.728,0,0,0.504937,0
9,allocate_send_arrival,1,S01,0,switch,0,50922,4,0,0,9,159.728,0,52.7377,0.504937,0
9,enqueue_residual,1,S01,0,switch,0,50922,4,0,0,9,159.728,0,0,0.504937,0
9,allocate_send_arrival,1,S01,0,switch,0,50925,43,0,0,9,159.728,0,52.7377,0.504937,0
9,enqueue_residual,1,S01,0,switch,0,50925,43,0,0,9,159.728,0,0,0.504937,0
9,allocate_send_arrival,4,S37,0,switch,0,50923,115,0,0,9,203.508,0,100,0,0
9,allocate_send_arrival,12,S04,0,switch,6,50922,4,0,0,9,184.169,0,53.2427,0,0
9,allocate_send_arrival,45,S28,2,switch,43,50926,106,0,0,9,227.415,0,100,0,0
9,allocate_send_arrival,57,S47,1,switch,50,50923,115,0,0,9,259.289,0,100,0,0
9,allocate_send_arrival,6,S02,0,switch,1,50922,4,0,0,9,138.732,0,53.2427,0,0
9,allocate_send_arrival,6,S02,0,switch,1,50927,23,0,0,9,138.732,0,53.2427,0,0
9,allocate_send_arrival,54,S31,1,switch,37,50924,105,0,0,9,242.335,0,51.655,0,0
9,allocate_send_arrival,40,S29,1,switch,45,50926,106,0,0,9,131.396,0,100,0,0
9,allocate_send_arrival,21,S53,2,switch,8,50925,43,0,0,9,135.597,0,53.2427,0,0
9,allocate_send_arrival,8,S52,0,switch,1,50925,43,0,0,9,255.562,0,53.2427,0,0
9,allocate_send_arrival,16,S11,0,switch,12,50922,4,0,0,9,200.84,0,53.2427,0,0
9,allocate_send_arrival,43,S22,0,switch,0,50926,106,0,0,9,203.304,0,100,0,0
9,allocate_send_arrival,11,S03,0,switch,6,50927,23,0,0,9,132.338,0,53.2427,0,0
9,allocate_send_arrival,5,S63,0,switch,0,50920,11,0,0,9,259.679,0,100,0,0
9,allocate_send_arrival,50,S38,2,switch,4,50923,115,0,0,9,290.506,0,100,0,0
10,allocate_send_buffered,1,S01,0,switch,0,50927,23,0,0,10,159.728,1.51481,0.504937,0,0
10,allocate_send_buffered,1,S01,0,switch,0,50922,4,0,0,10,159.728,1.51481,0.504937,0,0
10,allocate_send_buffered,1,S01,0,switch,0,50925,43,0,0,10,159.728,1.51481,0.504937,0,0
10,allocate_send_buffered,37,S32,0,switch,0,50921,73,0,0,10,103.31,2.27603,1.13801,0,0
10,allocate_send_buffered,37,S32,0,switch,0,50924,105,0,0,10,103.31,2.27603,1.13801,0,0
10,stage_arrival,37,S32,0,switch,0,50921,73,0,0,10,103.31,0,0,51.655,0
10,stage_arrival,2,S10,1,switch,16,50922,4,0,0,10,243.793,0,0,53.2427,0
10,stage_arrival,43,S22,0,switch,0,50926,106,0,0,10,203.304,0,0,100,0
10,stage_arrival,1,S01,0,switch,0,50925,43,0,0,10,159.728,0,0,53.2427,0
10,stage_arrival,0,S00,5,terminal,0,50921,73,0,0,10,1000,0,0,50.517,0
10,stage_arrival,21,S53,2,switch,8,50925,43,0,0,10,135.597,0,0,53.2427,0
10,stage_arrival,16,S11,0,switch,12,50922,4,0,0,10,200.84,0,0,53.2427,0
10,stage_arrival,0,S00,5,terminal,0,50925,43,0,0,10,1000,0,0,0.504937,0
10,stage_arrival,0,S00,5,terminal,0,50920,11,0,0,10,1000,0,0,100,0
10,stage_arrival,5,S63,0,switch,0,50920,11,0,0,10,259.679,0,0,100,0
10,stage_arrival,0,S00,5,terminal,0,50926,106,0,0,10,1000,0,0,100,0
10,stage_arrival_coalesce,0,S00,5,terminal,0,50921,73,0,0,10,1000,0,0,51.655,0
10,stage_arrival,40,S29,1,switch,45,50926,106,0,0,10,131.396,0,0,100,0
10,stage_arrival,6,S02,0,switch,1,50927,23,0,0,10,138.732,0,0,53.2427,0
10,stage_arrival_coalesce,0,S00,5,terminal,0,50925,43,0,0,10,1000,0,0,53.2427,0
10,stage_arrival,0,S00,5,terminal,0,50924,105,0,0,10,1000,0,0,1.13801,0
10,stage_arrival,36,S18,0,switch,35,50921,73,0,0,10,247.316,0,0,51.655,0
10,stage_arrival,37,S32,0,switch,0,50924,105,0,0,10,103.31,0,0,51.655,0
10,stage_arrival,0,S00,5,terminal,0,50927,23,0,0,10,1000,0,0,52.7377,0
10,stage_arrival,8,S52,0,switch,1,50925,43,0,0,10,255.562,0,0,53.2427,0
10,stage_arrival,35,S17,2,switch,37,50921,73,0,0,10,246.878,0,0,51.655,0
10,stage_arrival_coalesce,0,S00,5,terminal,0,50924,105,0,0,10,1000,0,0,51.655,0
10,stage_arrival,12,S04,0,switch,6,50922,4,0,0,10,184.169,0,0,53.2427,0
10,stage_arrival,0,S00,5,terminal,0,50923,115,0,0,10,1000,0,0,100,0
10,stage_arrival,57,S47,1,switch,50,50923,115,0,0,10,259.289,0,0,100,0
10,stage_arrival,0,S00,5,terminal,0,50922,4,0,0,10,1000,0,0,0.504937,0
10,stage_arrival,53,S55,1,switch,40,50926,106,0,0,10,298.054,0,0,100,0
10,stage_arrival,52,S30,2,switch,54,50924,105,0,0,10,164.752,0,0,51.655,0
10,stage_arrival_coalesce,0,S00,5,terminal,0,50927,23,0,0,10,1000,0,0,53.2427,0
10,stage_arrival,11,S03,0,switch,6,50927,23,0,0,10,132.338,0,0,53.2427,0
10,stage_arrival,54,S31,1,switch,37,50924,105,0,0,10,242.335,0,0,51.655,0
10,stage_arrival,1,S01,0,switch,0,50922,4,0,0,10,159.728,0,0,53.2427,0
10,stage_arrival,1,S01,0,switch,0,50927,23,0,0,10,159.728,0,0,53.2427,0
10,stage_arrival,50,S38,2,switch,4,50923,115,0,0,10,290.506,0,0,100,0
10,stage_arrival,6,S02,0,switch,1,50922,4,0,0,10,138.732,0,0,53.2427,0
10,stage_arrival,4,S37,0,switch,0,50923,115,0,0,10,203.508,0,0,100,0
10,stage_arrival_coalesce,0,S00,5,terminal,0,50922,4,0,0,10,1000,0,0,53.2427,0
10,stage_arrival,45,S28,2,switch,43,50926,106,0,0,10,227.415,0,0,100,0
10,allocate_send_arrival,50,S38,2,switch,4,50923,115,0,0,10,290.506,0,100,0,0
10,allocate_send_arrival,43,S22,0,switch,0,50926,106,0,0,10,203.304,0,100,0,0
10,allocate_send_arrival,8,S52,0,switch,1,50925,43,0,0,10,255.562,0,53.2427,0,0
10,allocate_send_arrival,2,S10,1,switch,16,50922,4,0,0,10,243.793,0,53.2427,0,0
10,allocate_send_arrival,4,S37,0,switch,0,50923,115,0,0,10,203.508,0,100,0,0
10,allocate_send_arrival,52,S30,2,switch,54,50924,105,0,0,10,164.752,0,51.655,0,0
10,allocate_send_arrival,45,S28,2,switch,43,50926,106,0,0,10,227.415,0,100,0,0
10,allocate_send_arrival,5,S63,0,switch,0,50920,11,0,0,10,259.679,0,100,0,0
10,allocate_send_arrival,40,S29,1,switch,45,50926,106,0,0,10,131.396,0,100,0,0
10,allocate_send_arrival,6,S02,0,switch,1,50927,23,0,0,10,138.732,0,53.2427,0,0
10,allocate_send_arrival,6,S02,0,switch,1,50922,4,0,0,10,138.732,0,53.2427,0,0
10,allocate_send_arrival,37,S32,0,switch,0,50921,73,0,0,10,103.31,0,50.517,1.13801,0
10,enqueue_residual,37,S32,0,switch,0,50921,73,0,0,10,103.31,0,0,1.13801,0
10,allocate_send_arrival,37,S32,0,switch,0,50924,105,0,0,10,103.31,0,50.517,1.13801,0
10,enqueue_residual,37,S32,0,switch,0,50924,105,0,0,10,103.31,0,0,1.13801,0
10,allocate_send_arrival,12,S04,0,switch,6,50922,4,0,0,10,184.169,0,53.2427,0,0
10,allocate_send_arrival,54,S31,1,switch,37,50924,105,0,0,10,242.335,0,51.655,0,0
10,allocate_send_arrival,21,S53,2,switch,8,50925,43,0,0,10,135.597,0,53.2427,0,0
10,allocate_send_arrival,1,S01,0,switch,0,50925,43,0,0,10,159.728,0,52.7377,0.504937,0
10,enqueue_residual,1,S01,0,switch,0,50925,43,0,0,10,159.728,0,0,0.504937,0
10,allocate_send_arrival,1,S01,0,switch,0,50922,4,0,0,10,159.728,0,52.7377,0.504937,0
10,enqueue_residual,1,S01,0,switch,0,50922,4,0,0,10,159.728,0,0,0.504937,0
10,allocate_send_arrival,1,S01,0,switch,0,50927,23,0,0,10,159.728,0,52.7377,0.504937,0
10,enqueue_residual,1,S01,0,switch,0,50927,23,0,0,10,159.728,0,0,0.504937,0
10,allocate_send_arrival,35,S17,2,switch,37,50921,73,0,0,10,246.878,0,51.655,0,0
10,allocate_send_arrival,11,S03,0,switch,6,50927,23,0,0,10,132.338,0,53.2427,0,0
10,allocate_send_arrival,57,S47,1,switch,50,50923,115,0,0,10,259.289,0,100,0,0
10,allocate_send_arrival,0,S00,5,terminal,0,50921,73,0,0,10,1000,0,51.655,0,0
10,allocate_send_arrival,0,S00,5,terminal,0,50925,43,0,0,10,1000,0,53.2427,0,0
10,allocate_send_arrival,0,S00,5,terminal,0,50920,11,0,0,10,1000,0,100,0,0
10,allocate_send_arrival,0,S00,5,terminal,0,50926,106,0,0,10,1000,0,100,0,0
10,allocate_send_arrival,0,S00,5,terminal,0,50924,105,0,0,10,1000,0,51.655,0,0
10,allocate_send_arrival,0,S00,5,terminal,0,50927,23,0,0,10,1000,0,53.2427,0,0
10,allocate_send_arrival,0,S00,5,terminal,0,50923,115,0,0,10,1000,0,100,0,0
10,allocate_send_arrival,0,S00,5,terminal,0,50922,4,0,0,10,1000,0,53.2427,0,0
10,allocate_send_arrival,53,S55,1,switch,40,50926,106,0,0,10,298.054,0,100,0,0
10,allocate_send_arrival,16,S11,0,switch,12,50922,4,0,0,10,200.84,0,53.2427,0,0
10,allocate_send_arrival,36,S18,0,switch,35,50921,73,0,0,10,247.316,0,51.655,0,0
11,allocate_send_buffered,37,S32,0,switch,0,50921,73,0,0,11,103.31,2.27603,1.13801,0,0
11,allocate_send_buffered,37,S32,0,switch,0,50924,105,0,0,11,103.31,2.27603,1.13801,0,0
11,allocate_send_buffered,1,S01,0,switch,0,50925,43,0,0,11,159.728,1.51481,0.504937,0,0
11,allocate_send_buffered,1,S01,0,switch,0,50922,4,0,0,11,159.728,1.51481,0.504937,0,0
11,allocate_send_buffered,1,S01,0,switch,0,50927,23,0,0,11,159.728,1.51481,0.504937,0,0
11,stage_arrival,0,S00,5,terminal,0,50925,43,0,0,11,1000,0,0,52.7377,0
11,stage_arrival,57,S47,1,switch,50,50923,115,0,0,11,259.289,0,0,100,0
11,stage_arrival,36,S18,0,switch,35,50921,73,0,0,11,247.316,0,0,51.655,0
11,stage_arrival,2,S10,1,switch,16,50922,4,0,0,11,243.793,0,0,53.2427,0
11,stage_arrival,0,S00,5,terminal,0,50920,11,0,0,11,1000,0,0,100,0
11,stage_arrival,53,S55,1,switch,40,50926,106,0,0,11,298.054,0,0,100,0
11,stage_arrival,6,S02,0,switch,1,50922,4,0,0,11,138.732,0,0,53.2427,0
11,stage_arrival,0,S00,5,terminal,0,50927,23,0,0,11,1000,0,0,0.504937,0
11,stage_arrival,0,S00,5,terminal,0,50922,4,0,0,11,1000,0,0,52.7377,0
11,stage_arrival,0,S00,5,terminal,0,50921,73,0,0,11,1000,0,0,50.517,0
11,stage_arrival,40,S29,1,switch,45,50926,106,0,0,11,131.396,0,0,100,0
11,stage_arrival,8,S52,0,switch,1,50925,43,0,0,11,255.562,0,0,53.2427,0
11,stage_arrival,1,S01,0,switch,0,50922,4,0,0,11,159.728,0,0,53.2427,0
11,stage_arrival,50,S38,2,switch,4,50923,115,0,0,11,290.506,0,0,100,0
11,stage_arrival,6,S02,0,switch,1,50927,23,0,0,11,138.732,0,0,53.2427,0
11,stage_arrival,12,S04,0,switch,6,50922,4,0,0,11,184.169,0,0,53.2427,0
11,stage_arrival,43,S22,0,switch,0,50926,106,0,0,11,203.304,0,0,100,0
11,stage_arrival,37,S32,0,switch,0,50924,105,0,0,11,103.31,0,0,51.655,0
11,stage_arrival,4,S37,0,switch,0,50923,115,0,0,11,203.508,0,0,100,0
11,stage_arrival,5,S63,0,switch,0,50920,11,0,0,11,259.679,0,0,100,0
11,stage_arrival,35,S17,2,switch,37,50921,73,0,0,11,246.878,0,0,51.655,0
11,stage_arrival,11,S03,0,switch,6,50927,23,0,0,11,132.338,0,0,53.2427,0
11,stage_arrival,0,S00,5,terminal,0,50926,106,0,0,11,1000,0,0,100,0
11,stage_arrival,21,S53,2,switch,8,50925,43,0,0,11,135.597,0,0,53.2427,0
11,stage_arrival,54,S31,1,switch,37,50924,105,0,0,11,242.335,0,0,51.655,0
11,stage_arrival,37,S32,0,switch,0,50921,73,0,0,11,103.31,0,0,51.655,0
11,stage_arrival_coalesce,0,S00,5,terminal,0,50925,43,0,0,11,1000,0,0,53.2427,0
11,stage_arrival,1,S01,0,switch,0,50927,23,0,0,11,159.728,0,0,53.2427,0
11,stage_arrival_coalesce,0,S00,5,terminal,0,50927,23,0,0,11,1000,0,0,53.2427,0
11,stage_arrival,52,S30,2,switch,54,50924,105,0,0,11,164.752,0,0,51.655,0
11,stage_arrival_coalesce,0,S00,5,terminal,0,50922,4,0,0,11,1000,0,0,53.2427,0
11,stage_arrival,0,S00,5,terminal,0,50924,105,0,0,11,1000,0,0,50.517,0
11,stage_arrival,1,S01,0,switch,0,50925,43,0,0,11,159.728,0,0,53.2427,0
11,stage_arrival_coalesce,0,S00,5,terminal,0,50921,73,0,0,11,1000,0,0,51.655,0
11,stage_arrival,0,S00,5,terminal,0,50923,115,0,0,11,1000,0,0,100,0
11,stage_arrival,45,S28,2,switch,43,50926,106,0,0,11,227.415,0,0,100,0
11,stage_arrival,16,S11,0,switch,12,50922,4,0,0,11,200.84,0,0,53.2427,0
11,stage_arrival_coalesce,0,S00,5,terminal,0,50924,105,0,0,11,1000,0,0,51.655,0
11,allocate_send_arrival,52,S30,2,switch,54,50924,105,0,0,11,164.752,0,51.655,0,0
11,allocate_send_arrival,43,S22,0,switch,0,50926,106,0,0,11,203.304,0,100,0,0
11,allocate_send_arrival,2,S10,1,switch,16,50922,4,0,0,11,243.793,0,53.2427,0,0
11,allocate_send_arrival,35,S17,2,switch,37,50921,73,0,0,11,246.878,0,51.655,0,0
11,allocate_send_arrival,16,S11,0,switch,12,50922,4,0,0,11,200.84,0,53.2427,0,0
11,allocate_send_arrival,1,S01,0,switch,0,50922,4,0,0,11,159.728,0,52.7377,0.504937,0
11,enqueue_residual,1,S01,0,switch,0,50922,4,0,0,11,159.728,0,0,0.504937,0
11,allocate_send_arrival,1,S01,0,switch,0,50927,23,0,0,11,159.728,0,52.7377,0.504937,0
11,enqueue_residual,1,S01,0,switch,0,50927,23,0,0,11,159.728,0,0,0.504937,0
11,allocate_send_arrival,1,S01,0,switch,0,50925,43,0,0,11,159.728,0,52.7377,0.504937,0
11,enqueue_residual,1,S01,0,switch,0,50925,43,0,0,11,159.728,0,0,0.504937,0
11,allocate_send_arrival,21,S53,2,switch,8,50925,43,0,0,11,135.597,0,53.2427,0,0
11,allocate_send_arrival,40,S29,1,switch,45,50926,106,0,0,11,131.396,0,100,0,0
11,allocate_send_arrival,12,S04,0,switch,6,50922,4,0,0,11,184.169,0,53.2427,0,0
11,allocate_send_arrival,57,S47,1,switch,50,50923,115,0,0,11,259.289,0,100,0,0
11,allocate_send_arrival,8,S52,0,switch,1,50925,43,0,0,11,255.562,0,53.2427,0,0
11,allocate_send_arrival,5,S63,0,switch,0,50920,11,0,0,11,259.679,0,100,0,0
11,allocate_send_arrival,53,S55,1,switch,40,50926,106,0,0,11,298.054,0,100,0,0
11,allocate_send_arrival,11,S03,0,switch,6,50927,23,0,0,11,132.338,0,53.2427,0,0
11,allocate_send_arrival,4,S37,0,switch,0,50923,115,0,0,11,203.508,0,100,0,0
11,allocate_send_arrival,6,S02,0,switch,1,50922,4,0,0,11,138.732,0,53.2427,0,0
11,allocate_send_arrival,6,S02,0,switch,1,50927,23,0,0,11,138.732,0,53.2427,0,0
11,allocate_send_arrival,50,S38,2,switch,4,50923,115,0,0,11,290.506,0,100,0,0
11,allocate_send_arrival,54,S31,1,switch,37,50924,105,0,0,11,242.335,0,51.655,0,0
11,allocate_send_arrival,45,S28,2,switch,43,50926,106,0,0,11,227.415,0,100,0,0
11,allocate_send_arrival,36,S18,0,switch,35,50921,73,0,0,11,247.316,0,51.655,0,0
11,allocate_send_arrival,0,S00,5,terminal,0,50925,43,0,0,11,1000,0,53.2427,0,0
11,allocate_send_arrival,0,S00,5,terminal,0,50920,11,0,0,11,1000,0,100,0,0
11,allocate_send_arrival,0,S00,5,terminal,0,50927,23,0,0,11,1000,0,53.2427,0,0
11,allocate_send_arrival,0,S00,5,terminal,0,50922,4,0,0,11,1000,0,53.2427,0,0
11,allocate_send_arrival,0,S00,5,terminal,0,50921,73,0,0,11,1000,0,51.655,0,0
11,allocate_send_arrival,0,S00,5,terminal,0,50926,106,0,0,11,1000,0,100,0,0
11,allocate_send_arrival,0,S00,5,terminal,0,50924,105,0,0,11,1000,0,51.655,0,0
11,allocate_send_arrival,0,S00,5,terminal,0,50923,115,0,0,11,1000,0,100,0,0
11,allocate_send_arrival,37,S32,0,switch,0,50924,105,0,0,11,103.31,0,50.517,1.13801,0
11,enqueue_residual,37,S32,0,switch,0,50924,105,0,0,11,103.31,0,0,1.13801,0
11,allocate_send_arrival,37,S32,0,switch,0,50921,73,0,0,11,103.31,0,50.517,1.13801,0
11,enqueue_residual,37,S32,0,switch,0,50921,73,0,0,11,103.31,0,0,1.13801,0
12,allocate_send_buffered,1,S01,0,switch,0,50922,4,0,0,12,159.728,1.51481,0.504937,0,0
12,allocate_send_buffered,1,S01,0,switch,0,50927,23,0,0,12,159.728,1.51481,0.504937,0,0
12,allocate_send_buffered,1,S01,0,switch,0,50925,43,0,0,12,159.728,1.51481,0.504937,0,0
12,allocate_send_buffered,37,S32,0,switch,0,50924,105,0,0,12,103.31,2.27603,1.13801,0,0
12,allocate_send_buffered,37,S32,0,switch,0,50921,73,0,0,12,103.31,2.27603,1.13801,0,0
12,stage_arrival,8,S52,0,switch,1,50925,43,0,0,12,255.562,0,0,53.2427,0
12,stage_arrival,45,S28,2,switch,43,50926,106,0,0,12,227.415,0,0,100,0
12,stage_arrival,0,S00,5,terminal,0,50925,43,0,0,12,1000,0,0,52.7377,0
12,stage_arrival,11,S03,0,switch,6,50927,23,0,0,12,132.338,0,0,53.2427,0
12,stage_arrival,0,S00,5,terminal,0,50922,4,0,0,12,1000,0,0,52.7377,0
12,stage_arrival,36,S18,0,switch,35,50921,73,0,0,12,247.316,0,0,51.655,0
12,stage_arrival,40,S29,1,switch,45,50926,106,0,0,12,131.396,0,0,100,0
12,stage_arrival,52,S30,2,switch,54,50924,105,0,0,12,164.752,0,0,51.655,0
12,stage_arrival,0,S00,5,terminal,0,50927,23,0,0,12,1000,0,0,52.7377,0
12,stage_arrival,53,S55,1,switch,40,50926,106,0,0,12,298.054,0,0,100,0
12,stage_arrival,37,S32,0,switch,0,50924,105,0,0,12,103.31,0,0,51.655,0
12,stage_arrival,6,S02,0,switch,1,50922,4,0,0,12,138.732,0,0,53.2427,0
12,stage_arrival,0,S00,5,terminal,0,50921,73,0,0,12,1000,0,0,50.517,0
12,stage_arrival,37,S32,0,switch,0,50921,73,0,0,12,103.31,0,0,51.655,0
12,stage_arrival,0,S00,5,terminal,0,50924,105,0,0,12,1000,0,0,1.13801,0
12,stage_arrival,5,S63,0,switch,0,50920,11,0,0,12,259.679,0,0,100,0
12,stage_arrival,1,S01,0,switch,0,50925,43,0,0,12,159.728,0,0,53.2427,0
12,stage_arrival,0,S00,5,terminal,0,50923,115,0,0,12,1000,0,0,100,0
12,stage_arrival,35,S17,2,switch,37,50921,73,0,0,12,246.878,0,0,51.655,0
12,stage_arrival,6,S02,0,switch,1,50927,23,0,0,12,138.732,0,0,53.2427,0
12,stage_arrival_coalesce,0,S00,5,terminal,0,50922,4,0,0,12,1000,0,0,53.2427,0
12,stage_arrival,1,S01,0,switch,0,50922,4,0,0,12,159.728,0,0,53.2427,0
12,stage_arrival_coalesce,0,S00,5,terminal,0,50927,23,0,0,12,1000,0,0,53.2427,0
12,stage_arrival,0,S00,5,terminal,0,50926,106,0,0,12,1000,0,0,100,0
12,stage_arrival,16,S11,0,switch,12,50922,4,0,0,12,200.84,0,0,53.2427,0
12,stage_arrival,50,S38,2,switch,4,50923,115,0,0,12,290.506,0,0,100,0
12,stage_arrival_coalesce,0,S00,5,terminal,0,50924,105,0,0,12,1000,0,0,51.655,0
12,stage_arrival,1,S01,0,switch,0,50927,23,0,0,12,159.728,0,0,53.2427,0
12,stage_arrival_coalesce,0,S00,5,terminal,0,50921,73,0,0,12,1000,0,0,51.655,0
12,stage_arrival,4,S37,0,switch,0,50923,115,0,0,12,203.508,0,0,100,0
12,stage_arrival,54,S31,1,switch,37,50924,105,0,0,12,242.335,0,0,51.655,0
12,stage_arrival,2,S10,1,switch,16,50922,4,0,0,12,243.793,0,0,53.2427,0
12,stage_arrival,57,S47,1,switch,50,50923,115,0,0,12,259.289,0,0,100,0
12,stage_arrival_coalesce,0,S00,5,terminal,0,50925,43,0,0,12,1000,0,0,53.2427,0
12,stage_arrival,43,S22,0,switch,0,50926,106,0,0,12,203.304,0,0,100,0
12,stage_arrival,0,S00,5,terminal,0,50920,11,0,0,12,1000,0,0,100,0
12,stage_arrival,12,S04,0,switch,6,50922,4,0,0,12,184.169,0,0,53.2427,0
12,stage_arrival,21,S53,2,switch,8,50925,43,0,0,12,135.597,0,0,53.2427,0
12,allocate_send_arrival,21,S53,2,switch,8,50925,43,0,0,12,135.597,0,53.2427,0,0
12,allocate_send_arrival,53,S55,1,switch,40,50926,106,0,0,12,298.054,0,100,0,0
12,allocate_send_arrival,52,S30,2,switch,54,50924,105,0,0,12,164.752,0,51.655,0,0
12,allocate_send_arrival,6,S02,0,switch,1,50922,4,0,0,12,138.732,0,53.2427,0,0
12,allocate_send_arrival,6,S02,0,switch,1,50927,23,0,0,12,138.732,0,53.2427,0,0
12,allocate_send_arrival,54,S31,1,switch,37,50924,105,0,0,12,242.335,0,51.655,0,0
12,allocate_send_arrival,0,S00,5,terminal,0,50925,43,0,0,12,1000,0,53.2427,0,0
12,allocate_send_arrival,0,S00,5,terminal,0,50922,4,0,0,12,1000,0,53.2427,0,0
12,allocate_send_arrival,0,S00,5,terminal,0,50927,23,0,0,12,1000,0,53.2427,0,0
12,allocate_send_arrival,0,S00,5,terminal,0,50921,73,0,0,12,1000,0,51.655,0,0
12,allocate_send_arrival,0,S00,5,terminal,0,50924,105,0,0,12,1000,0,51.655,0,0
12,allocate_send_arrival,0,S00,5,terminal,0,50923,115,0,0,12,1000,0,100,0,0
12,allocate_send_arrival,0,S00,5,terminal,0,50926,106,0,0,12,1000,0,100,0,0
12,allocate_send_arrival,0,S00,5,terminal,0,50920,11,0,0,12,1000,0,100,0,0
12,allocate_send_arrival,43,S22,0,switch,0,50926,106,0,0,12,203.304,0,100,0,0
12,allocate_send_arrival,50,S38,2,switch,4,50923,115,0,0,12,290.506,0,100,0,0
12,allocate_send_arrival,5,S63,0,switch,0,50920,11,0,0,12,259.679,0,100,0,0
12,allocate_send_arrival,4,S37,0,switch,0,50923,115,0,0,12,203.508,0,100,0,0
12,allocate_send_arrival,2,S10,1,switch,16,50922,4,0,0,12,243.793,0,53.2427,0,0
12,allocate_send_arrival,12,S04,0,switch,6,50922,4,0,0,12,184.169,0,53.2427,0,0
12,allocate_send_arrival,8,S52,0,switch,1,50925,43,0,0,12,255.562,0,53.2427,0,0
12,allocate_send_arrival,36,S18,0,switch,35,50921,73,0,0,12,247.316,0,51.655,0,0
12,allocate_send_arrival,37,S32,0,switch,0,50924,105,0,0,12,103.31,0,50.517,1.13801,0
12,enqueue_residual,37,S32,0,switch,0,50924,105,0,0,12,103.31,0,0,1.13801,0
12,allocate_send_arrival,37,S32,0,switch,0,50921,73,0,0,12,103.31,0,50.517,1.13801,0
12,enqueue_residual,37,S32,0,switch,0,50921,73,0,0,12,103.31,0,0,1.13801,0
12,allocate_send_arrival,57,S47,1,switch,50,50923,115,0,0,12,259.289,0,100,0,0
12,allocate_send_arrival,45,S28,2,switch,43,50926,106,0,0,12,227.415,0,100,0,0
12,allocate_send_arrival,40,S29,1,switch,45,50926,106,0,0,12,131.396,0,100,0,0
12,allocate_send_arrival,11,S03,0,switch,6,50927,23,0,0,12,132.338,0,53.2427,0,0
12,allocate_send_arrival,35,S17,2,switch,37,50921,73,0,0,12,246.878,0,51.655,0,0
12,allocate_send_arrival,16,S11,0,switch,12,50922,4,0,0,12,200.84,0,53.2427,0,0
12,allocate_send_arrival,1,S01,0,switch,0,50925,43,0,0,12,159.728,0,52.7377,0.504937,0
12,enqueue_residual,1,S01,0,switch,0,50925,43,0,0,12,159.728,0,0,0.504937,0
12,allocate_send_arrival,1,S01,0,switch,0,50922,4,0,0,12,159.728,0,52.7377,0.504937,0
12,enqueue_residual,1,S01,0,switch,0,50922,4,0,0,12,159.728,0,0,0.504937,0
12,allocate_send_arrival,1,S01,0,switch,0,50927,23,0,0,12,159.728,0,52.7377,0.504937,0
12,enqueue_residual,1,S01,0,switch,0,50927,23,0,0,12,159.728,0,0,0.504937,0
13,allocate_send_buffered,37,S32,0,switch,0,50924,105,0,0,13,103.31,2.27603,1.13801,0,0
13,allocate_send_buffered,37,S32,0,switch,0,50921,73,0,0,13,103.31,2.27603,1.13801,0,0
13,allocate_send_buffered,1,S01,0,switch,0,50925,43,0,0,13,159.728,1.51481,0.504937,0,0
13,allocate_send_buffered,1,S01,0,switch,0,50922,4,0,0,13,159.728,1.51481,0.504937,0,0
13,allocate_send_buffered,1,S01,0,switch,0,50927,23,0,0,13,159.728,1.51481,0.504937,0,0
13,stage_arrival,2,S10,1,switch,16,50922,4,0,0,13,243.793,0,0,53.2427,0
13,stage_arrival,43,S22,0,switch,0,50926,106,0,0,13,203.304,0,0,100,0
13,stage_arrival,0,S00,5,terminal,0,50926,106,0,0,13,1000,0,0,100,0
13,stage_arrival,5,S63,0,switch,0,50920,11,0,0,13,259.679,0,0,100,0
13,stage_arrival,45,S28,2,switch,43,50926,106,0,0,13,227.415,0,0,100,0
13,stage_arrival,0,S00,5,terminal,0,50922,4,0,0,13,1000,0,0,0.504937,0
13,stage_arrival,0,S00,5,terminal,0,50923,115,0,0,13,1000,0,0,100,0
13,stage_arrival,37,S32,0,switch,0,50924,105,0,0,13,103.31,0,0,51.655,0
13,stage_arrival,1,S01,0,switch,0,50925,43,0,0,13,159.728,0,0,53.2427,0
13,stage_arrival,54,S31,1,switch,37,50924,105,0,0,13,242.335,0,0,51.655,0
13,stage_arrival,0,S00,5,terminal,0,50927,23,0,0,13,1000,0,0,52.7377,0
13,stage_arrival,21,S53,2,switch,8,50925,43,0,0,13,135.597,0,0,53.2427,0
13,stage_arrival,0,S00,5,terminal,0,50920,11,0,0,13,1000,0,0,100,0
13,stage_arrival,8,S52,0,switch,1,50925,43,0,0,13,255.562,0,0,53.2427,0
13,stage_arrival,0,S00,5,terminal,0,50924,105,0,0,13,1000,0,0,50.517,0
13,stage_arrival,0,S00,5,terminal,0,50925,43,0,0,13,1000,0,0,52.7377,0
13,stage_arrival,0,S00,5,terminal,0,50921,73,0,0,13,1000,0,0,1.13801,0
13,stage_arrival,6,S02,0,switch,1,50922,4,0,0,13,138.732,0,0,53.2427,0
13,stage_arrival_coalesce,0,S00,5,terminal,0,50924,105,0,0,13,1000,0,0,51.655,0
13,stage_arrival,37,S32,0,switch,0,50921,73,0,0,13,103.31,0,0,51.655,0
13,stage_arrival,53,S55,1,switch,40,50926,106,0,0,13,298.054,0,0,100,0
13,stage_arrival,50,S38,2,switch,4,50923,115,0,0,13,290.506,0,0,100,0
13,stage_arrival,52,S30,2,switch,54,50924,105,0,0,13,164.752,0,0,51.655,0
13,stage_arrival,16,S11,0,switch,12,50922,4,0,0,13,200.84,0,0,53.2427,0
13,stage_arrival,6,S02,0,switch,1,50927,23,0,0,13,138.732,0,0,53.2427,0
13,stage_arrival,36,S18,0,switch,35,50921,73,0,0,13,247.316,0,0,51.655,0
13,stage_arrival,4,S37,0,switch,0,50923,115,0,0,13,203.508,0,0,100,0
13,stage_arrival,12,S04,0,switch,6,50922,4,0,0,13,184.169,0,0,53.2427,0
13,stage_arrival,1,S01,0,switch,0,50927,23,0,0,13,159.728,0,0,53.2427,0
13,stage_arrival_coalesce,0,S00,5,terminal,0,50925,43,0,0,13,1000,0,0,53.2427,0
13,stage_arrival,1,S01,0,switch,0,50922,4,0,0,13,159.728,0,0,53.2427,0
13,stage_arrival_coalesce,0,S00,5,terminal,0,50922,4,0,0,13,1000,0,0,53.2427,0
13,stage_arrival,57,S47,1,switch,50,50923,115,0,0,13,259.289,0,0,100,0
13,stage_arrival,40,S29,1,switch,45,50926,106,0,0,13,131.396,0,0,100,0
13,stage_arrival,35,S17,2,switch,37,50921,73,0,0,13,246.878,0,0,51.655,0
13,stage_arrival_coalesce,0,S00,5,terminal,0,50921,73,0,0,13,1000,0,0,51.655,0
13,stage_arrival_coalesce,0,S00,5,terminal,0,50927,23,0,0,13,1000,0,0,53.2427,0
13,stage_arrival,11,S03,0,switch,6,50927,23,0,0,13,132.338,0,0,53.2427,0
13,allocate_send_arrival,21,S53,2,switch,8,50925,43,0,0,13,135.597,0,53.2427,0,0
13,allocate_send_arrival,53,S55,1,switch,40,50926,106,0,0,13,298.054,0,100,0,0
13,allocate_send_arrival,4,S37,0,switch,0,50923,115,0,0,13,203.508,0,100,0,0
13,allocate_send_arrival,45,S28,2,switch,43,50926,106,0,0,13,227.415,0,100,0,0
13,allocate_send_arrival,12,S04,0,switch,6,50922,4,0,0,13,184.169,0,53.2427,0,0
13,allocate_send_arrival,35,S17,2,switch,37,50921,73,0,0,13,246.878,0,51.655,0,0
13,allocate_send_arrival,52,S30,2,switch,54,50924,105,0,0,13,164.752,0,51.655,0,0
13,allocate_send_arrival,36,S18,0,switch,35,50921,73,0,0,13,247.316,0,51.655,0,0
13,allocate_send_arrival,54,S31,1,switch,37,50924,105,0,0,13,242.335,0,51.655,0,0
13,allocate_send_arrival,57,S47,1,switch,50,50923,115,0,0,13,259.289,0,100,0,0
13,allocate_send_arrival,5,S63,0,switch,0,50920,11,0,0,13,259.679,0,100,0,0
13,allocate_send_arrival,11,S03,0,switch,6,50927,23,0,0,13,132.338,0,53.2427,0,0
13,allocate_send_arrival,37,S32,0,switch,0,50924,105,0,0,13,103.31,0,50.517,1.13801,0
13,enqueue_residual,37,S32,0,switch,0,50924,105,0,0,13,103.31,0,0,1.13801,0
13,allocate_send_arrival,37,S32,0,switch,0,50921,73,0,0,13,103.31,0,50.517,1.13801,0
13,enqueue_residual,37,S32,0,switch,0,50921,73,0,0,13,103.31,0,0,1.13801,0
13,allocate_send_arrival,16,S11,0,switch,12,50922,4,0,0,13,200.84,0,53.2427,0,0
13,allocate_send_arrival,40,S29,1,switch,45,50926,106,0,0,13,131.396,0,100,0,0
13,allocate_send_arrival,8,S52,0,switch,1,50925,43,0,0,13,255.562,0,53.2427,0,0
13,allocate_send_arrival,0,S00,5,terminal,0,50926,106,0,0,13,1000,0,100,0,0
13,allocate_send_arrival,0,S00,5,terminal,0,50922,4,0,0,13,1000,0,53.2427,0,0
13,allocate_send_arrival,0,S00,5,terminal,0,50923,115,0,0,13,1000,0,100,0,0
13,allocate_send_arrival,0,S00,5,terminal,0,50927,23,0,0,13,1000,0,53.2427,0,0
13,allocate_send_arrival,0,S00,5,terminal,0,50920,11,0,0,13,1000,0,100,0,0
13,allocate_send_arrival,0,S00,5,terminal,0,50924,105,0,0,13,1000,0,51.655,0,0
13,allocate_send_arrival,0,S00,5,terminal,0,50925,43,0,0,13,1000,0,53.2427,0,0
13,allocate_send_arrival,0,S00,5,terminal,0,50921,73,0,0,13,1000,0,51.655,0,0
13,allocate_send_arrival,43,S22,0,switch,0,50926,106,0,0,13,203.304,0,100,0,0
13,allocate_send_arrival,1,S01,0,switch,0,50925,43,0,0,13,159.728,0,52.7377,0.504937,0
13,enqueue_residual,1,S01,0,switch,0,50925,43,0,0,13,159.728,0,0,0.504937,0
13,allocate_send_arrival,1,S01,0,switch,0,50927,23,0,0,13,159.728,0,52.7377,0.504937,0
13,enqueue_residual,1,S01,0,switch,0,50927,23,0,0,13,159.728,0,0,0.504937,0
13,allocate_send_arrival,1,S01,0,switch,0,50922,4,0,0,13,159.728,0,52.7377,0.504937,0
13,enqueue_residual,1,S01,0,switch,0,50922,4,0,0,13,159.728,0,0,0.504937,0
13,allocate_send_arrival,2,S10,1,switch,16,50922,4,0,0,13,243.793,0,53.2427,0,0
13,allocate_send_arrival,50,S38,2,switch,4,50923,115,0,0,13,290.506,0,100,0,0
13,allocate_send_arrival,6,S02,0,switch,1,50922,4,0,0,13,138.732,0,53.2427,0,0
13,allocate_send_arrival,6,S02,0,switch,1,50927,23,0,0,13,138.732,0,53.2427,0,0
14,allocate_send_buffered,1,S01,0,switch,0,50925,43,0,0,14,159.728,1.51481,0.504937,0,0
14,allocate_send_buffered,1,S01,0,switch,0,50927,23,0,0,14,159.728,1.51481,0.504937,0,0
14,allocate_send_buffered,1,S01,0,switch,0,50922,4,0,0,14,159.728,1.51481,0.504937,0,0
14,allocate_send_buffered,37,S32,0,switch,0,50924,105,0,0,14,103.31,2.27603,1.13801,0,0
14,allocate_send_buffered,37,S32,0,switch,0,50921,73,0,0,14,103.31,2.27603,1.13801,0,0
14,stage_arrival,40,S29,1,switch,45,50926,106,0,0,14,131.396,0,0,100,0
14,stage_arrival,37,S32,0,switch,0,50921,73,0,0,14,103.31,0,0,51.655,0
14,stage_arrival,57,S47,1,switch,50,50923,115,0,0,14,259.289,0,0,100,0
14,stage_arrival,11,S03,0,switch,6,50927,23,0,0,14,132.338,0,0,53.2427,0
14,stage_arrival,16,S11,0,switch,12,50922,4,0,0,14,200.84,0,0,53.2427,0
14,stage_arrival,0,S00,5,terminal,0,50925,43,0,0,14,1000,0,0,0.504937,0
14,stage_arrival,12,S04,0,switch,6,50922,4,0,0,14,184.169,0,0,53.2427,0
14,stage_arrival,54,S31,1,switch,37,50924,105,0,0,14,242.335,0,0,51.655,0
14,stage_arrival,50,S38,2,switch,4,50923,115,0,0,14,290.506,0,0,100,0
14,stage_arrival,0,S00,5,terminal,0,50924,105,0,0,14,1000,0,0,1.13801,0
14,stage_arrival,0,S00,5,terminal,0,50922,4,0,0,14,1000,0,0,52.7377,0
14,stage_arrival_coalesce,0,S00,5,terminal,0,50924,105,0,0,14,1000,0,0,51.655,0
14,stage_arrival,0,S00,5,terminal,0,50923,115,0,0,14,1000,0,0,100,0
14,stage_arrival,52,S30,2,switch,54,50924,105,0,0,14,164.752,0,0,51.655,0
14,stage_arrival,1,S01,0,switch,0,50925,43,0,0,14,159.728,0,0,53.2427,0
14,stage_arrival,6,S02,0,switch,1,50922,4,0,0,14,138.732,0,0,53.2427,0
14,stage_arrival,2,S10,1,switch,16,50922,4,0,0,14,243.793,0,0,53.2427,0
14,stage_arrival,6,S02,0,switch,1,50927,23,0,0,14,138.732,0,0,53.2427,0
14,stage_arrival,1,S01,0,switch,0,50922,4,0,0,14,159.728,0,0,53.2427,0
14,stage_arrival,45,S28,2,switch,43,50926,106,0,0,14,227.415,0,0,100,0
14,stage_arrival_coalesce,0,S00,5,terminal,0,50925,43,0,0,14,1000,0,0,53.2427,0
14,stage_arrival,1,S01,0,switch,0,50927,23,0,0,14,159.728,0,0,53.2427,0
14,stage_arrival_coalesce,0,S00,5,terminal,0,50922,4,0,0,14,1000,0,0,53.2427,0
14,stage_arrival,53,S55,1,switch,40,50926,106,0,0,14,298.054,0,0,100,0
14,stage_arrival,0,S00,5,terminal,0,50927,23,0,0,14,1000,0,0,0.504937,0
14,stage_arrival_coalesce,0,S00,5,terminal,0,50927,23,0,0,14,1000,0,0,53.2427,0
14,stage_arrival,0,S00,5,terminal,0,50926,106,0,0,14,1000,0,0,100,0
14,stage_arrival,0,S00,5,terminal,0,50920,11,0,0,14,1000,0,0,100,0
14,stage_arrival,21,S53,2,switch,8,50925,43,0,0,14,135.597,0,0,53.2427,0
14,stage_arrival,36,S18,0,switch,35,50921,73,0,0,14,247.316,0,0,51.655,0
14,stage_arrival,43,S22,0,switch,0,50926,106,0,0,14,203.304,0,0,100,0
14,stage_arrival,35,S17,2,switch,37,50921,73,0,0,14,246.878,0,0,51.655,0
14,stage_arrival,8,S52,0,switch,1,50925,43,0,0,14,255.562,0,0,53.2427,0
14,stage_arrival,37,S32,0,switch,0,50924,105,0,0,14,103.31,0,0,51.655,0
14,stage_arrival,0,S00,5,terminal,0,50921,73,0,0,14,1000,0,0,1.13801,0
14,stage_arrival,4,S37,0,switch,0,50923,115,0,0,14,203.508,0,0,100,0
14,stage_arrival,5,S63,0,switch,0,50920,11,0,0,14,259.679,0,0,100,0
14,stage_arrival_coalesce,0,S00,5,terminal,0,50921,73,0,0,14,1000,0,0,51.655,0
14,allocate_send_arrival,21,S53,2,switch,8,50925,43,0,0,14,135.597,0,53.2427,0,0
14,allocate_send_arrival,50,S38,2,switch,4,50923,115,0,0,14,290.506,0,100,0,0
14,allocate_send_arrival,6,S02,0,switch,1,50922,4,0,0,14,138.732,0,53.2427,0,0
14,allocate_send_arrival,6,S02,0,switch,1,50927,23,0,0,14,138.732,0,53.2427,0,0
14,allocate_send_arrival,8,S52,0,switch,1,50925,43,0,0,14,255.562,0,53.2427,0,0
14,allocate_send_arrival,2,S10,1,switch,16,50922,4,0,0,14,243.793,0,53.2427,0,0
14,allocate_send_arrival,53,S55,1,switch,40,50926,106,0,0,14,298.054,0,100,0,0
14,allocate_send_arrival,43,S22,0,switch,0,50926,106,0,0,14,203.304,0,100,0,0
14,allocate_send_arrival,4,S37,0,switch,0,50923,115,0,0,14,203.508,0,100,0,0
14,allocate_send_arrival,52,S30,2,switch,54,50924,105,0,0,14,164.752,0,51.655,0,0
14,allocate_send_arrival,57,S47,1,switch,50,50923,115,0,0,14,259.289,0,100,0,0
14,allocate_send_arrival,37,S32,0,switch,0,50921,73,0,0,14,103.31,0,50.517,1.13801,0
14,enqueue_residual,37,S32,0,switch,0,50921,73,0,0,14,103.31,0,0,1.13801,0
14,allocate_send_arrival,37,S32,0,switch,0,50924,105,0,0,14,103.31,0,50.517,1.13801,0
14,enqueue_residual,37,S32,0,switch,0,50924,105,0,0,14,103.31,0,0,1.13801,0
14,allocate_send_arrival,45,S28,2,switch,43,50926,106,0,0,14,227.415,0,100,0,0
14,allocate_send_arrival,16,S11,0,switch,12,50922,4,0,0,14,200.84,0,53.2427,0,0
14,allocate_send_arrival,40,S29,1,switch,45,50926,106,0,0,14,131.396,0,100,0,0
14,allocate_send_arrival,11,S03,0,switch,6,50927,23,0,0,14,132.338,0,53.2427,0,0
14,allocate_send_arrival,35,S17,2,switch,37,50921,73,0,0,14,246.878,0,51.655,0,0
14,allocate_send_arrival,5,S63,0,switch,0,50920,11,0,0,14,259.679,0,100,0,0
14,allocate_send_arrival,0,S00,5,terminal,0,50925,43,0,0,14,1000,0,53.2427,0,0
14,allocate_send_arrival,0,S00,5,terminal,0,50924,105,0,0,14,1000,0,51.655,0,0
14,allocate_send_arrival,0,S00,5,terminal,0,50922,4,0,0,14,1000,0,53.2427,0,0
14,allocate_send_arrival,0,S00,5,terminal,0,50923,115,0,0,14,1000,0,100,0,0
14,allocate_send_arrival,0,S00,5,terminal,0,50927,23,0,0,14,1000,0,53.2427,0,0
14,allocate_send_arrival,0,S00,5,terminal,0,50926,106,0,0,14,1000,0,100,0,0
14,allocate_send_arrival,0,S00,5,terminal,0,50920,11,0,0,14,1000,0,100,0,0
14,allocate_send_arrival,0,S00,5,terminal,0,50921,73,0,0,14,1000,0,51.655,0,0
14,allocate_send_arrival,54,S31,1,switch,37,50924,105,0,0,14,242.335,0,51.655,0,0
14,allocate_send_arrival,1,S01,0,switch,0,50925,43,0,0,14,159.728,0,52.7377,0.504937,0
14,enqueue_residual,1,S01,0,switch,0,50925,43,0,0,14,159.728,0,0,0.504937,0
14,allocate_send_arrival,1,S01,0,switch,0,50922,4,0,0,14,159.728,0,52.7377,0.504937,0
14,enqueue_residual,1,S01,0,switch,0,50922,4,0,0,14,159.728,0,0,0.504937,0
14,allocate_send_arrival,1,S01,0,switch,0,50927,23,0,0,14,159.728,0,52.7377,0.504937,0
14,enqueue_residual,1,S01,0,switch,0,50927,23,0,0,14,159.728,0,0,0.504937,0
14,allocate_send_arrival,12,S04,0,switch,6,50922,4,0,0,14,184.169,0,53.2427,0,0
14,allocate_send_arrival,36,S18,0,switch,35,50921,73,0,0,14,247.316,0,51.655,0,0
15,allocate_send_buffered,37,S32,0,switch,0,50921,73,0,0,15,103.31,2.27603,1.13801,0,0
15,allocate_send_buffered,37,S32,0,switch,0,50924,105,0,0,15,103.31,2.27603,1.13801,0,0
15,allocate_send_buffered,1,S01,0,switch,0,50925,43,0,0,15,159.728,1.51481,0.504937,0,0
15,allocate_send_buffered,1,S01,0,switch,0,50922,4,0,0,15,159.728,1.51481,0.504937,0,0
15,allocate_send_buffered,1,S01,0,switch,0,50927,23,0,0,15,159.728,1.51481,0.504937,0,0
15,stage_arrival,37,S32,0,switch,0,50921,73,0,0,15,103.31,0,0,51.655,0
15,stage_arrival,0,S00,5,terminal,0,50925,43,0,0,15,1000,0,0,52.7377,0
15,stage_arrival,0,S00,5,terminal,0,50924,105,0,0,15,1000,0,0,50.517,0
15,stage_arrival,45,S28,2,switch,43,50926,106,0,0,15,227.415,0,0,100,0
15,stage_arrival,16,S11,0,switch,12,50922,4,0,0,15,200.84,0,0,53.2427,0
15,stage_arrival,0,S00,5,terminal,0,50922,4,0,0,15,1000,0,0,0.504937,0
15,stage_arrival,6,S02,0,switch,1,50922,4,0,0,15,138.732,0,0,53.2427,0
15,stage_arrival,37,S32,0,switch,0,50924,105,0,0,15,103.31,0,0,51.655,0
15,stage_arrival,4,S37,0,switch,0,50923,115,0,0,15,203.508,0,0,100,0
15,stage_arrival,52,S30,2,switch,54,50924,105,0,0,15,164.752,0,0,51.655,0
15,stage_arrival,8,S52,0,switch,1,50925,43,0,0,15,255.562,0,0,53.2427,0
15,stage_arrival,0,S00,5,terminal,0,50926,106,0,0,15,1000,0,0,100,0
15,stage_arrival_coalesce,0,S00,5,terminal,0,50922,4,0,0,15,1000,0,0,53.2427,0
15,stage_arrival,0,S00,5,terminal,0,50920,11,0,0,15,1000,0,0,100,0
15,stage_arrival,43,S22,0,switch,0,50926,106,0,0,15,203.304,0,0,100,0
15,stage_arrival,0,S00,5,terminal,0,50927,23,0,0,15,1000,0,0,0.504937,0
15,stage_arrival_coalesce,0,S00,5,terminal,0,50927,23,0,0,15,1000,0,0,53.2427,0
15,stage_arrival,53,S55,1,switch,40,50926,106,0,0,15,298.054,0,0,100,0
15,stage_arrival,50,S38,2,switch,4,50923,115,0,0,15,290.506,0,0,100,0
15,stage_arrival,1,S01,0,switch,0,50925,43,0,0,15,159.728,0,0,53.2427,0
15,stage_arrival,40,S29,1,switch,45,50926,106,0,0,15,131.396,0,0,100,0
15,stage_arrival,35,S17,2,switch,37,50921,73,0,0,15,246.878,0,0,51.655,0
15,stage_arrival,2,S10,1,switch,16,50922,4,0,0,15,243.793,0,0,53.2427,0
15,stage_arrival,57,S47,1,switch,50,50923,115,0,0,15,259.289,0,0,100,0
15,stage_arrival,12,S04,0,switch,6,50922,4,0,0,15,184.169,0,0,53.2427,0
15,stage_arrival,5,S63,0,switch,0,50920,11,0,0,15,259.679,0,0,100,0
15,stage_arrival,11,S03,0,switch,6,50927,23,0,0,15,132.338,0,0,53.2427,0
15,stage_arrival_coalesce,0,S00,5,terminal,0,50924,105,0,0,15,1000,0,0,51.655,0
15,stage_arrival,0,S00,5,terminal,0,50923,115,0,0,15,1000,0,0,100,0
15,stage_arrival,1,S01,0,switch,0,50922,4,0,0,15,159.728,0,0,53.2427,0
15,stage_arrival,54,S31,1,switch,37,50924,105,0,0,15,242.335,0,0,51.655,0
15,stage_arrival,21,S53,2,switch,8,50925,43,0,0,15,135.597,0,0,53.2427,0
15,stage_arrival,1,S01,0,switch,0,50927,23,0,0,15,159.728,0,0,53.2427,0
15,stage_arrival,0,S00,5,terminal,0,50921,73,0,0,15,1000,0,0,50.517,0
15,stage_arrival_coalesce,0,S00,5,terminal,0,50925,43,0,0,15,1000,0,0,53.2427,0
15,stage_arrival,6,S02,0,switch,1,50927,23,0,0,15,138.732,0,0,53.2427,0
15,stage_arrival,36,S18,0,switch,35,50921,73,0,0,15,247.316,0,0,51.655,0
15,stage_arrival_coalesce,0,S00,5,terminal,0,50921,73,0,0,15,1000,0,0,51.655,0
15,allocate_send_arrival,16,S11,0,switch,12,50922,4,0,0,15,200.84,0,53.2427,0,0
15,allocate_send_arrival,43,S22,0,switch,0,50926,106,0,0,15,203.304,0,100,0,0
15,allocate_send_arrival,35,S17,2,switch,37,50921,73,0,0,15,246.878,0,51.655,0,0
15,allocate_send_arrival,37,S32,0,switch,0,50921,73,0,0,15,103.31,0,50.517,1.13801,0
15,enqueue_residual,37,S32,0,switch,0,50921,73,0,0,15,103.31,0,0,1.13801,0
15,allocate_send_arrival,37,S32,0,switch,0,50924,105,0,0,15,103.31,0,50.517,1.13801,0
15,enqueue_residual,37,S32,0,switch,0,50924,105,0,0,15,103.31,0,0,1.13801,0
15,allocate_send_arrival,54,S31,1,switch,37,50924,105,0,0,15,242.335,0,51.655,0,0
15,allocate_send_arrival,11,S03,0,switch,6,50927,23,0,0,15,132.338,0,53.2427,0,0
15,allocate_send_arrival,5,S63,0,switch,0,50920,11,0,0,15,259.679,0,100,0,0
15,allocate_send_arrival,8,S52,0,switch,1,50925,43,0,0,15,255.562,0,53.2427,0,0
15,allocate_send_arrival,6,S02,0,switch,1,50922,4,0,0,15,138.732,0,53.2427,0,0
15,allocate_send_arrival,6,S02,0,switch,1,50927,23,0,0,15,138.732,0,53.2427,0,0
15,allocate_send_arrival,40,S29,1,switch,45,50926,106,0,0,15,131.396,0,100,0,0
15,allocate_send_arrival,0,S00,5,terminal,0,50925,43,0,0,15,1000,0,53.2427,0,0
15,allocate_send_arrival,0,S00,5,terminal,0,50924,105,0,0,15,1000,0,51.655,0,0
15,allocate_send_arrival,0,S00,5,terminal,0,50922,4,0,0,15,1000,0,53.2427,0,0
15,allocate_send_arrival,0,S00,5,terminal,0,50926,106,0,0,15,1000,0,100,0,0
15,allocate_send_arrival,0,S00,5,terminal,0,50920,11,0,0,15,1000,0,100,0,0
15,allocate_send_arrival,0,S00,5,terminal,0,50927,23,0,0,15,1000,0,53.2427,0,0
15,allocate_send_arrival,0,S00,5,terminal,0,50923,115,0,0,15,1000,0,100,0,0
15,allocate_send_arrival,0,S00,5,terminal,0,50921,73,0,0,15,1000,0,51.655,0,0
15,allocate_send_arrival,57,S47,1,switch,50,50923,115,0,0,15,259.289,0,100,0,0
15,allocate_send_arrival,45,S28,2,switch,43,50926,106,0,0,15,227.415,0,100,0,0
15,allocate_send_arrival,4,S37,0,switch,0,50923,115,0,0,15,203.508,0,100,0,0
15,allocate_send_arrival,36,S18,0,switch,35,50921,73,0,0,15,247.316,0,51.655,0,0
15,allocate_send_arrival,21,S53,2,switch,8,50925,43,0,0,15,135.597,0,53.2427,0,0
15,allocate_send_arrival,12,S04,0,switch,6,50922,4,0,0,15,184.169,0,53.2427,0,0
15,allocate_send_arrival,1,S01,0,switch,0,50925,43,0,0,15,159.728,0,52.7377,0.504937,0
15,enqueue_residual,1,S01,0,switch,0,50925,43,0,0,15,159.728,0,0,0.504937,0
15,allocate_send_arrival,1,S01,0,switch,0,50922,4,0,0,15,159.728,0,52.7377,0.504937,0
15,enqueue_residual,1,S01,0,switch,0,50922,4,0,0,15,159.728,0,0,0.504937,0
15,allocate_send_arrival,1,S01,0,switch,0,50927,23,0,0,15,159.728,0,52.7377,0.504937,0
15,enqueue_residual,1,S01,0,switch,0,50927,23,0,0,15,159.728,0,0,0.504937,0
15,allocate_send_arrival,53,S55,1,switch,40,50926,106,0,0,15,298.054,0,100,0,0
15,allocate_send_arrival,52,S30,2,switch,54,50924,105,0,0,15,164.752,0,51.655,0,0
15,allocate_send_arrival,50,S38,2,switch,4,50923,115,0,0,15,290.506,0,100,0,0
15,allocate_send_arrival,2,S10,1,switch,16,50922,4,0,0,15,243.793,0,53.2427,0,0
16,allocate_send_buffered,37,S32,0,switch,0,50921,73,0,0,16,103.31,2.27603,1.13801,0,0
16,allocate_send_buffered,37,S32,0,switch,0,50924,105,0,0,16,103.31,2.27603,1.13801,0,0
16,allocate_send_buffered,1,S01,0,switch,0,50925,43,0,0,16,159.728,1.51481,0.504937,0,0
16,allocate_send_buffered,1,S01,0,switch,0,50922,4,0,0,16,159.728,1.51481,0.504937,0,0
16,allocate_send_buffered,1,S01,0,switch,0,50927,23,0,0,16,159.728,1.51481,0.504937,0,0
16,stage_arrival,0,S00,5,terminal,0,50924,105,0,0,16,1000,0,0,50.517,0
16,stage_arrival,4,S37,0,switch,0,50923,115,0,0,16,203.508,0,0,100,0
16,stage_arrival,37,S32,0,switch,0,50924,105,0,0,16,103.31,0,0,51.655,0
16,stage_arrival,0,S00,5,terminal,0,50927,23,0,0,16,1000,0,0,52.7377,0
16,stage_arrival,40,S29,1,switch,45,50926,106,0,0,16,131.396,0,0,100,0
16,stage_arrival,0,S00,5,terminal,0,50923,115,0,0,16,1000,0,0,100,0
16,stage_arrival,0,S00,5,terminal,0,50921,73,0,0,16,1000,0,0,50.517,0
16,stage_arrival,16,S11,0,switch,12,50922,4,0,0,16,200.84,0,0,53.2427,0
16,stage_arrival,37,S32,0,switch,0,50921,73,0,0,16,103.31,0,0,51.655,0
16,stage_arrival,45,S28,2,switch,43,50926,106,0,0,16,227.415,0,0,100,0
16,stage_arrival,53,S55,1,switch,40,50926,106,0,0,16,298.054,0,0,100,0
16,stage_arrival,54,S31,1,switch,37,50924,105,0,0,16,242.335,0,0,51.655,0
16,stage_arrival,1,S01,0,switch,0,50927,23,0,0,16,159.728,0,0,53.2427,0
16,stage_arrival,36,S18,0,switch,35,50921,73,0,0,16,247.316,0,0,51.655,0
16,stage_arrival,1,S01,0,switch,0,50922,4,0,0,16,159.728,0,0,53.2427,0
16,stage_arrival,6,S02,0,switch,1,50922,4,0,0,16,138.732,0,0,53.2427,0
16,stage_arrival,0,S00,5,terminal,0,50925,43,0,0,16,1000,0,0,52.7377,0
16,stage_arrival,0,S00,5,terminal,0,50922,4,0,0,16,1000,0,0,52.7377,0
16,stage_arrival,6,S02,0,switch,1,50927,23,0,0,16,138.732,0,0,53.2427,0
16,stage_arrival,8,S52,0,switch,1,50925,43,0,0,16,255.562,0,0,53.2427,0
16,stage_arrival,21,S53,2,switch,8,50925,43,0,0,16,135.597,0,0,53.2427,0
16,stage_arrival,57,S47,1,switch,50,50923,115,0,0,16,259.289,0,0,100,0
16,stage_arrival_coalesce,0,S00,5,terminal,0,50925,43,0,0,16,1000,0,0,53.2427,0
16,stage_arrival_coalesce,0,S00,5,terminal,0,50924,105,0,0,16,1000,0,0,51.655,0
16,stage_arrival,52,S30,2,switch,54,50924,105,0,0,16,164.752,0,0,51.655,0
16,stage_arrival_coalesce,0,S00,5,terminal,0,50927,23,0,0,16,1000,0,0,53.2427,0
16,stage_arrival,5,S63,0,switch,0,50920,11,0,0,16,259.679,0,0,100,0
16,stage_arrival_coalesce,0,S00,5,terminal,0,50921,73,0,0,16,1000,0,0,51.655,0
16,stage_arrival,0,S00,5,terminal,0,50920,11,0,0,16,1000,0,0,100,0
16,stage_arrival,0,S00,5,terminal,0,50926,106,0,0,16,1000,0,0,100,0
16,stage_arrival,1,S01,0,switch,0,50925,43,0,0,16,159.728,0,0,53.2427,0
16,stage_arrival,12,S04,0,switch,6,50922,4,0,0,16,184.169,0,0,53.2427,0
16,stage_arrival,2,S10,1,switch,16,50922,4,0,0,16,243.793,0,0,53.2427,0
16,stage_arrival,50,S38,2,switch,4,50923,115,0,0,16,290.506,0,0,100,0
16,stage_arrival,35,S17,2,switch,37,50921,73,0,0,16,246.878,0,0,51.655,0
16,stage_arrival,43,S22,0,switch,0,50926,106,0,0,16,203.304,0,0,100,0
16,stage_arrival,11,S03,0,switch,6,50927,23,0,0,16,132.338,0,0,53.2427,0
16,stage_arrival_coalesce,0,S00,5,terminal,0,50922,4,0,0,16,1000,0,0,53.2427,0
16,allocate_send_arrival,4,S37,0,switch,0,50923,115,0,0,16,203.508,0,100,0,0
16,allocate_send_arrival,35,S17,2,switch,37,50921,73,0,0,16,246.878,0,51.655,0,0
16,allocate_send_arrival,53,S55,1,switch,40,50926,106,0,0,16,298.054,0,100,0,0
16,allocate_send_arrival,5,S63,0,switch,0,50920,11,0,0,16,259.679,0,100,0,0
16,allocate_send_arrival,52,S30,2,switch,54,50924,105,0,0,16,164.752,0,51.655,0,0
16,allocate_send_arrival,50,S38,2,switch,4,50923,115,0,0,16,290.506,0,100,0,0
16,allocate_send_arrival,8,S52,0,switch,1,50925,43,0,0,16,255.562,0,53.2427,0,0
16,allocate_send_arrival,12,S04,0,switch,6,50922,4,0,0,16,184.169,0,53.2427,0,0
16,allocate_send_arrival,57,S47,1,switch,50,50923,115,0,0,16,259.289,0,100,0,0
16,allocate_send_arrival,40,S29,1,switch,45,50926,106,0,0,16,131.396,0,100,0,0
16,allocate_send_arrival,37,S32,0,switch,0,50924,105,0,0,16,103.31,0,50.517,1.13801,0
16,enqueue_residual,37,S32,0,switch,0,50924,105,0,0,16,103.31,0,0,1.13801,0
16,allocate_send_arrival,37,S32,0,switch,0,50921,73,0,0,16,103.31,0,50.517,1.13801,0
16,enqueue_residual,37,S32,0,switch,0,50921,73,0,0,16,103.31,0,0,1.13801,0
16,allocate_send_arrival,16,S11,0,switch,12,50922,4,0,0,16,200.84,0,53.2427,0,0
16,allocate_send_arrival,21,S53,2,switch,8,50925,43,0,0,16,135.597,0,53.2427,0,0
16,allocate_send_arrival,43,S22,0,switch,0,50926,106,0,0,16,203.304,0,100,0,0
16,allocate_send_arrival,45,S28,2,switch,43,50926,106,0,0,16,227.415,0,100,0,0
16,allocate_send_arrival,6,S02,0,switch,1,50922,4,0,0,16,138.732,0,53.2427,0,0
16,allocate_send_arrival,6,S02,0,switch,1,50927,23,0,0,16,138.732,0,53.2427,0,0
16,allocate_send_arrival,0,S00,5,terminal,0,50924,105,0,0,16,1000,0,51.655,0,0
16,allocate_send_arrival,0,S00,5,terminal,0,50927,23,0,0,16,1000,0,53.2427,0,0
16,allocate_send_arrival,0,S00,5,terminal,0,50923,115,0,0,16,1000,0,100,0,0
16,allocate_send_arrival,0,S00,5,terminal,0,50921,73,0,0,16,1000,0,51.655,0,0
16,allocate_send_arrival,0,S00,5,terminal,0,50925,43,0,0,16,1000,0,53.2427,0,0
16,allocate_send_arrival,0,S00,5,terminal,0,50922,4,0,0,16,1000,0,53.2427,0,0
16,allocate_send_arrival,0,S00,5,terminal,0,50920,11,0,0,16,1000,0,100,0,0
16,allocate_send_arrival,0,S00,5,terminal,0,50926,106,0,0,16,1000,0,100,0,0
16,allocate_send_arrival,54,S31,1,switch,37,50924,105,0,0,16,242.335,0,51.655,0,0
16,allocate_send_arrival,1,S01,0,switch,0,50927,23,0,0,16,159.728,0,52.7377,0.504937,0
16,enqueue_residual,1,S01,0,switch,0,50927,23,0,0,16,159.728,0,0,0.504937,0
16,allocate_send_arrival,1,S01,0,switch,0,50922,4,0,0,16,159.728,0,52.7377,0.504937,0
16,enqueue_residual,1,S01,0,switch,0,50922,4,0,0,16,159.728,0,0,0.504937,0
16,allocate_send_arrival,1,S01,0,switch,0,50925,43,0,0,16,159.728,0,52.7377,0.504937,0
16,enqueue_residual,1,S01,0,switch,0,50925,43,0,0,16,159.728,0,0,0.504937,0
16,allocate_send_arrival,2,S10,1,switch,16,50922,4,0,0,16,243.793,0,53.2427,0,0
16,allocate_send_arrival,36,S18,0,switch,35,50921,73,0,0,16,247.316,0,51.655,0,0
16,allocate_send_arrival,11,S03,0,switch,6,50927,23,0,0,16,132.338,0,53.2427,0,0
17,allocate_send_buffered,37,S32,0,switch,0,50924,105,0,0,17,103.31,2.27603,1.13801,0,0
17,allocate_send_buffered,37,S32,0,switch,0,50921,73,0,0,17,103.31,2.27603,1.13801,0,0
17,allocate_send_buffered,1,S01,0,switch,0,50927,23,0,0,17,159.728,1.51481,0.504937,0,0
17,allocate_send_buffered,1,S01,0,switch,0,50922,4,0,0,17,159.728,1.51481,0.504937,0,0
17,allocate_send_buffered,1,S01,0,switch,0,50925,43,0,0,17,159.728,1.51481,0.504937,0,0
17,stage_arrival,0,S00,5,terminal,0,50925,43,0,0,17,1000,0,0,52.7377,0
17,stage_arrival,0,S00,5,terminal,0,50924,105,0,0,17,1000,0,0,50.517,0
17,stage_arrival,6,S02,0,switch,1,50922,4,0,0,17,138.732,0,0,53.2427,0
17,stage_arrival,1,S01,0,switch,0,50922,4,0,0,17,159.728,0,0,53.2427,0
17,stage_arrival,50,S38,2,switch,4,50923,115,0,0,17,290.506,0,0,100,0
17,stage_arrival,54,S31,1,switch,37,50924,105,0,0,17,242.335,0,0,51.655,0
17,stage_arrival,0,S00,5,terminal,0,50922,4,0,0,17,1000,0,0,52.7377,0
17,stage_arrival,40,S29,1,switch,45,50926,106,0,0,17,131.396,0,0,100,0
17,stage_arrival,1,S01,0,switch,0,50925,43,0,0,17,159.728,0,0,53.2427,0
17,stage_arrival,37,S32,0,switch,0,50924,105,0,0,17,103.31,0,0,51.655,0
17,stage_arrival,0,S00,5,terminal,0,50920,11,0,0,17,1000,0,0,100,0
17,stage_arrival,0,S00,5,terminal,0,50923,115,0,0,17,1000,0,0,100,0
17,stage_arrival,4,S37,0,switch,0,50923,115,0,0,17,203.508,0,0,100,0
17,stage_arrival,2,S10,1,switch,16,50922,4,0,0,17,243.793,0,0,53.2427,0
17,stage_arrival,5,S63,0,switch,0,50920,11,0,0,17,259.679,0,0,100,0
17,stage_arrival_coalesce,0,S00,5,terminal,0,50924,105,0,0,17,1000,0,0,51.655,0
17,stage_arrival_coalesce,0,S00,5,terminal,0,50925,43,0,0,17,1000,0,0,53.2427,0
17,stage_arrival,12,S04,0,switch,6,50922,4,0,0,17,184.169,0,0,53.2427,0
17,stage_arrival,0,S00,5,terminal,0,50926,106,0,0,17,1000,0,0,100,0
17,stage_arrival,45,S28,2,switch,43,50926,106,0,0,17,227.415,0,0,100,0
17,stage_arrival,16,S11,0,switch,12,50922,4,0,0,17,200.84,0,0,53.2427,0
17,stage_arrival,57,S47,1,switch,50,50923,115,0,0,17,259.289,0,0,100,0
17,stage_arrival,0,S00,5,terminal,0,50927,23,0,0,17,1000,0,0,52.7377,0
17,stage_arrival_coalesce,0,S00,5,terminal,0,50922,4,0,0,17,1000,0,0,53.2427,0
17,stage_arrival,1,S01,0,switch,0,50927,23,0,0,17,159.728,0,0,53.2427,0
17,stage_arrival,11,S03,0,switch,6,50927,23,0,0,17,132.338,0,0,53.2427,0
17,stage_arrival,37,S32,0,switch,0,50921,73,0,0,17,103.31,0,0,51.655,0
17,stage_arrival,0,S00,5,terminal,0,50921,73,0,0,17,1000,0,0,50.517,0
17,stage_arrival,43,S22,0,switch,0,50926,106,0,0,17,203.304,0,0,100,0
17,stage_arrival,52,S30,2,switch,54,50924,105,0,0,17,164.752,0,0,51.655,0
17,stage_arrival_coalesce,0,S00,5,terminal,0,50927,23,0,0,17,1000,0,0,53.2427,0
17,stage_arrival,36,S18,0,switch,35,50921,73,0,0,17,247.316,0,0,51.655,0
17,stage_arrival_coalesce,0,S00,5,terminal,0,50921,73,0,0,17,1000,0,0,51.655,0
17,stage_arrival,35,S17,2,switch,37,50921,73,0,0,17,246.878,0,0,51.655,0
17,stage_arrival,53,S55,1,switch,40,50926,106,0,0,17,298.054,0,0,100,0
17,stage_arrival,21,S53,2,switch,8,50925,43,0,0,17,135.597,0,0,53.2427,0
17,stage_arrival,8,S52,0,switch,1,50925,43,0,0,17,255.562,0,0,53.2427,0
17,stage_arrival,6,S02,0,switch,1,50927,23,0,0,17,138.732,0,0,53.2427,0
17,allocate_send_arrival,16,S11,0,switch,12,50922,4,0,0,17,200.84,0,53.2427,0,0
17,allocate_send_arrival,1,S01,0,switch,0,50922,4,0,0,17,159.728,0,52.7377,0.504937,0
17,enqueue_residual,1,S01,0,switch,0,50922,4,0,0,17,159.728,0,0,0.504937,0
17,allocate_send_arrival,1,S01,0,switch,0,50925,43,0,0,17,159.728,0,52.7377,0.504937,0
17,enqueue_residual,1,S01,0,switch,0,50925,43,0,0,17,159.728,0,0,0.504937,0
17,allocate_send_arrival,1,S01,0,switch,0,50927,23,0,0,17,159.728,0,52.7377,0.504937,0
17,enqueue_residual,1,S01,0,switch,0,50927,23,0,0,17,159.728,0,0,0.504937,0
17,allocate_send_arrival,35,S17,2,switch,37,50921,73,0,0,17,246.878,0,51.655,0,0
17,allocate_send_arrival,4,S37,0,switch,0,50923,115,0,0,17,203.508,0,100,0,0
17,allocate_send_arrival,54,S31,1,switch,37,50924,105,0,0,17,242.335,0,51.655,0,0
17,allocate_send_arrival,53,S55,1,switch,40,50926,106,0,0,17,298.054,0,100,0,0
17,allocate_send_arrival,0,S00,5,terminal,0,50925,43,0,0,17,1000,0,53.2427,0,0
17,allocate_send_arrival,0,S00,5,terminal,0,50924,105,0,0,17,1000,0,51.655,0,0
17,allocate_send_arrival,0,S00,5,terminal,0,50922,4,0,0,17,1000,0,53.2427,0,0
17,allocate_send_arrival,0,S00,5,terminal,0,50920,11,0,0,17,1000,0,100,0,0
17,allocate_send_arrival,0,S00,5,terminal,0,50923,115,0,0,17,1000,0,100,0,0
17,allocate_send_arrival,0,S00,5,terminal,0,50926,106,0,0,17,1000,0,100,0,0
17,allocate_send_arrival,0,S00,5,terminal,0,50927,23,0,0,17,1000,0,53.2427,0,0
17,allocate_send_arrival,0,S00,5,terminal,0,50921,73,0,0,17,1000,0,51.655,0,0
17,allocate_send_arrival,45,S28,2,switch,43,50926,106,0,0,17,227.415,0,100,0,0
17,allocate_send_arrival,12,S04,0,switch,6,50922,4,0,0,17,184.169,0,53.2427,0,0
17,allocate_send_arrival,43,S22,0,switch,0,50926,106,0,0,17,203.304,0,100,0,0
17,allocate_send_arrival,21,S53,2,switch,8,50925,43,0,0,17,135.597,0,53.2427,0,0
17,allocate_send_arrival,50,S38,2,switch,4,50923,115,0,0,17,290.506,0,100,0,0
17,allocate_send_arrival,5,S63,0,switch,0,50920,11,0,0,17,259.679,0,100,0,0
17,allocate_send_arrival,37,S32,0,switch,0,50924,105,0,0,17,103.31,0,50.517,1.13801,0
17,enqueue_residual,37,S32,0,switch,0,50924,105,0,0,17,103.31,0,0,1.13801,0
17,allocate_send_arrival,37,S32,0,switch,0,50921,73,0,0,17,103.31,0,50.517,1.13801,0
17,enqueue_residual,37,S32,0,switch,0,50921,73,0,0,17,103.31,0,0,1.13801,0
17,allocate_send_arrival,11,S03,0,switch,6,50927,23,0,0,17,132.338,0,53.2427,0,0
17,allocate_send_arrival,52,S30,2,switch,54,50924,105,0,0,17,164.752,0,51.655,0,0
17,allocate_send_arrival,40,S29,1,switch,45,50926,106,0,0,17,131.396,0,100,0,0
17,allocate_send_arrival,36,S18,0,switch,35,50921,73,0,0,17,247.316,0,51.655,0,0
17,allocate_send_arrival,8,S52,0,switch,1,50925,43,0,0,17,255.562,0,53.2427,0,0
17,allocate_send_arrival,6,S02,0,switch,1,50922,4,0,0,17,138.732,0,53.2427,0,0
17,allocate_send_arrival,6,S02,0,switch,1,50927,23,0,0,17,138.732,0,53.2427,0,0
17,allocate_send_arrival,57,S47,1,switch,50,50923,115,0,0,17,259.289,0,100,0,0
17,allocate_send_arrival,2,S10,1,switch,16,50922,4,0,0,17,243.793,0,53.2427,0,0
18,allocate_send_buffered,1,S01,0,switch,0,50922,4,0,0,18,159.728,1.51481,0.504937,0,0
18,allocate_send_buffered,1,S01,0,switch,0,50925,43,0,0,18,159.728,1.51481,0.504937,0,0
18,allocate_send_buffered,1,S01,0,switch,0,50927,23,0,0,18,159.728,1.51481,0.504937,0,0
18,allocate_send_buffered,37,S32,0,switch,0,50924,105,0,0,18,103.31,2.27603,1.13801,0,0
18,allocate_send_buffered,37,S32,0,switch,0,50921,73,0,0,18,103.31,2.27603,1.13801,0,0
18,stage_arrival,37,S32,0,switch,0,50924,105,0,0,18,103.31,0,0,51.655,0
18,stage_arrival,36,S18,0,switch,35,50921,73,0,0,18,247.316,0,0,51.655,0
18,stage_arrival,0,S00,5,terminal,0,50921,73,0,0,18,1000,0,0,1.13801,0
18,stage_arrival,2,S10,1,switch,16,50922,4,0,0,18,243.793,0,0,53.2427,0
18,stage_arrival,0,S00,5,terminal,0,50924,105,0,0,18,1000,0,0,50.517,0
18,stage_arrival,1,S01,0,switch,0,50925,43,0,0,18,159.728,0,0,53.2427,0
18,stage_arrival,11,S03,0,switch,6,50927,23,0,0,18,132.338,0,0,53.2427,0
18,stage_arrival,54,S31,1,switch,37,50924,105,0,0,18,242.335,0,0,51.655,0
18,stage_arrival,0,S00,5,terminal,0,50925,43,0,0,18,1000,0,0,52.7377,0
18,stage_arrival,35,S17,2,switch,37,50921,73,0,0,18,246.878,0,0,51.655,0
18,stage_arrival,57,S47,1,switch,50,50923,115,0,0,18,259.289,0,0,100,0
18,stage_arrival,4,S37,0,switch,0,50923,115,0,0,18,203.508,0,0,100,0
18,stage_arrival,0,S00,5,terminal,0,50922,4,0,0,18,1000,0,0,0.504937,0
18,stage_arrival_coalesce,0,S00,5,terminal,0,50921,73,0,0,18,1000,0,0,51.655,0
18,stage_arrival,0,S00,5,terminal,0,50920,11,0,0,18,1000,0,0,100,0
18,stage_arrival,50,S38,2,switch,4,50923,115,0,0,18,290.506,0,0,100,0
18,stage_arrival_coalesce,0,S00,5,terminal,0,50924,105,0,0,18,1000,0,0,51.655,0
18,stage_arrival,52,S30,2,switch,54,50924,105,0,0,18,164.752,0,0,51.655,0
18,stage_arrival,1,S01,0,switch,0,50927,23,0,0,18,159.728,0,0,53.2427,0
18,stage_arrival,0,S00,5,terminal,0,50926,106,0,0,18,1000,0,0,100,0
18,stage_arrival,37,S32,0,switch,0,50921,73,0,0,18,103.31,0,0,51.655,0
18,stage_arrival,1,S01,0,switch,0,50922,4,0,0,18,159.728,0,0,53.2427,0
18,stage_arrival,6,S02,0,switch,1,50927,23,0,0,18,138.732,0,0,53.2427,0
18,stage_arrival,0,S00,5,terminal,0,50923,115,0,0,18,1000,0,0,100,0
18,stage_arrival,53,S55,1,switch,40,50926,106,0,0,18,298.054,0,0,100,0
18,stage_arrival,8,S52,0,switch,1,50925,43,0,0,18,255.562,0,0,53.2427,0
18,stage_arrival,5,S63,0,switch,0,50920,11,0,0,18,259.679,0,0,100,0
18,stage_arrival,16,S11,0,switch,12,50922,4,0,0,18,200.84,0,0,53.2427,0
18,stage_arrival_coalesce,0,S00,5,terminal,0,50925,43,0,0,18,1000,0,0,53.2427,0
18,stage_arrival,0,S00,5,terminal,0,50927,23,0,0,18,1000,0,0,0.504937,0
18,stage_arrival,6,S02,0,switch,1,50922,4,0,0,18,138.732,0,0,53.2427,0
18,stage_arrival,43,S22,0,switch,0,50926,106,0,0,18,203.304,0,0,100,0
18,stage_arrival_coalesce,0,S00,5,terminal,0,50922,4,0,0,18,1000,0,0,53.2427,0
18,stage_arrival,40,S29,1,switch,45,50926,106,0,0,18,131.396,0,0,100,0
18,stage_arrival_coalesce,0,S00,5,terminal,0,50927,23,0,0,18,1000,0,0,53.2427,0
18,stage_arrival,21,S53,2,switch,8,50925,43,0,0,18,135.597,0,0,53.2427,0
18,stage_arrival,45,S28,2,switch,43,50926,106,0,0,18,227.415,0,0,100,0
18,stage_arrival,12,S04,0,switch,6,50922,4,0,0,18,184.169,0,0,53.2427,0
18,allocate_send_arrival,1,S01,0,switch,0,50925,43,0,0,18,159.728,0,52.7377,0.504937,0
18,enqueue_residual,1,S01,0,switch,0,50925,43,0,0,18,159.728,0,0,0.504937,0
18,allocate_send_arrival,1,S01,0,switch,0,50927,23,0,0,18,159.728,0,52.7377,0.504937,0
18,enqueue_residual,1,S01,0,switch,0,50927,23,0,0,18,159.728,0,0,0.504937,0
18,allocate_send_arrival,1,S01,0,switch,0,50922,4,0,0,18,159.728,0,52.7377,0.504937,0
18,enqueue_residual,1,S01,0,switch,0,50922,4,0,0,18,159.728,0,0,0.504937,0
18,allocate_send_arrival,53,S55,1,switch,40,50926,106,0,0,18,298.054,0,100,0,0
18,allocate_send_arrival,4,S37,0,switch,0,50923,115,0,0,18,203.508,0,100,0,0
18,allocate_send_arrival,36,S18,0,switch,35,50921,73,0,0,18,247.316,0,51.655,0,0
18,allocate_send_arrival,45,S28,2,switch,43,50926,106,0,0,18,227.415,0,100,0,0
18,allocate_send_arrival,16,S11,0,switch,12,50922,4,0,0,18,200.84,0,53.2427,0,0
18,allocate_send_arrival,50,S38,2,switch,4,50923,115,0,0,18,290.506,0,100,0,0
18,allocate_send_arrival,6,S02,0,switch,1,50927,23,0,0,18,138.732,0,53.2427,0,0
18,allocate_send_arrival,6,S02,0,switch,1,50922,4,0,0,18,138.732,0,53.2427,0,0
18,allocate_send_arrival,0,S00,5,terminal,0,50921,73,0,0,18,1000,0,51.655,0,0
18,allocate_send_arrival,0,S00,5,terminal,0,50924,105,0,0,18,1000,0,51.655,0,0
18,allocate_send_arrival,0,S00,5,terminal,0,50925,43,0,0,18,1000,0,53.2427,0,0
18,allocate_send_arrival,0,S00,5,terminal,0,50922,4,0,0,18,1000,0,53.2427,0,0
18,allocate_send_arrival,0,S00,5,terminal,0,50920,11,0,0,18,1000,0,100,0,0
18,allocate_send_arrival,0,S00,5,terminal,0,50926,106,0,0,18,1000,0,100,0,0
18,allocate_send_arrival,0,S00,5,terminal,0,50923,115,0,0,18,1000,0,100,0,0
18,allocate_send_arrival,0,S00,5,terminal,0,50927,23,0,0,18,1000,0,53.2427,0,0
18,allocate_send_arrival,40,S29,1,switch,45,50926,106,0,0,18,131.396,0,100,0,0
18,allocate_send_arrival,52,S30,2,switch,54,50924,105,0,0,18,164.752,0,51.655,0,0
18,allocate_send_arrival,21,S53,2,switch,8,50925,43,0,0,18,135.597,0,53.2427,0,0
18,allocate_send_arrival,11,S03,0,switch,6,50927,23,0,0,18,132.338,0,53.2427,0,0
18,allocate_send_arrival,12,S04,0,switch,6,50922,4,0,0,18,184.169,0,53.2427,0,0
18,allocate_send_arrival,57,S47,1,switch,50,50923,115,0,0,18,259.289,0,100,0,0
18,allocate_send_arrival,43,S22,0,switch,0,50926,106,0,0,18,203.304,0,100,0,0
18,allocate_send_arrival,35,S17,2,switch,37,50921,73,0,0,18,246.878,0,51.655,0,0
18,allocate_send_arrival,2,S10,1,switch,16,50922,4,0,0,18,243.793,0,53.2427,0,0
18,allocate_send_arrival,8,S52,0,switch,1,50925,43,0,0,18,255.562,0,53.2427,0,0
18,allocate_send_arrival,54,S31,1,switch,37,50924,105,0,0,18,242.335,0,51.655,0,0
18,allocate_send_arrival,5,S63,0,switch,0,50920,11,0,0,18,259.679,0,100,0,0
18,allocate_send_arrival,37,S32,0,switch,0,50924,105,0,0,18,103.31,0,50.517,1.13801,0
18,enqueue_residual,37,S32,0,switch,0,50924,105,0,0,18,103.31,0,0,1.13801,0
18,allocate_send_arrival,37,S32,0,switch,0,50921,73,0,0,18,103.31,0,50.517,1.13801,0
18,enqueue_residual,37,S32,0,switch,0,50921,73,0,0,18,103.31,0,0,1.13801,0
19,allocate_send_buffered,37,S32,0,switch,0,50924,105,0,0,19,103.31,2.27603,1.13801,0,0
19,allocate_send_buffered,37,S32,0,switch,0,50921,73,0,0,19,103.31,2.27603,1.13801,0,0
19,allocate_send_buffered,1,S01,0,switch,0,50925,43,0,0,19,159.728,1.51481,0.504937,0,0
19,allocate_send_buffered,1,S01,0,switch,0,50927,23,0,0,19,159.728,1.51481,0.504937,0,0
19,allocate_send_buffered,1,S01,0,switch,0,50922,4,0,0,19,159.728,1.51481,0.504937,0,0
19,stage_arrival,0,S00,5,terminal,0,50924,105,0,0,19,1000,0,0,1.13801,0
19,stage_arrival,16,S11,0,switch,12,50922,4,0,0,19,200.84,0,0,53.2427,0
19,stage_arrival,0,S00,5,terminal,0,50922,4,0,0,19,1000,0,0,0.504937,0
19,stage_arrival,2,S10,1,switch,16,50922,4,0,0,19,243.793,0,0,53.2427,0
19,stage_arrival,12,S04,0,switch,6,50922,4,0,0,19,184.169,0,0,53.2427,0
19,stage_arrival,0,S00,5,terminal,0,50925,43,0,0,19,1000,0,0,52.7377,0
19,stage_arrival,0,S00,5,terminal,0,50921,73,0,0,19,1000,0,0,50.517,0
19,stage_arrival,21,S53,2,switch,8,50925,43,0,0,19,135.597,0,0,53.2427,0
19,stage_arrival,11,S03,0,switch,6,50927,23,0,0,19,132.338,0,0,53.2427,0
19,stage_arrival,0,S00,5,terminal,0,50926,106,0,0,19,1000,0,0,100,0
19,stage_arrival,37,S32,0,switch,0,50924,105,0,0,19,103.31,0,0,51.655,0
19,stage_arrival,1,S01,0,switch,0,50927,23,0,0,19,159.728,0,0,53.2427,0
19,stage_arrival,4,S37,0,switch,0,50923,115,0,0,19,203.508,0,0,100,0
19,stage_arrival,52,S30,2,switch,54,50924,105,0,0,19,164.752,0,0,51.655,0
19,stage_arrival_coalesce,0,S00,5,terminal,0,50924,105,0,0,19,1000,0,0,51.655,0
19,stage_arrival,0,S00,5,terminal,0,50923,115,0,0,19,1000,0,0,100,0
19,stage_arrival,6,S02,0,switch,1,50927,23,0,0,19,138.732,0,0,53.2427,0
19,stage_arrival,54,S31,1,switch,37,50924,105,0,0,19,242.335,0,0,51.655,0
19,stage_arrival_coalesce,0,S00,5,terminal,0,50921,73,0,0,19,1000,0,0,51.655,0
19,stage_arrival,0,S00,5,terminal,0,50920,11,0,0,19,1000,0,0,100,0
19,stage_arrival,45,S28,2,switch,43,50926,106,0,0,19,227.415,0,0,100,0
19,stage_arrival,8,S52,0,switch,1,50925,43,0,0,19,255.562,0,0,53.2427,0
19,stage_arrival,1,S01,0,switch,0,50922,4,0,0,19,159.728,0,0,53.2427,0
19,stage_arrival_coalesce,0,S00,5,terminal,0,50925,43,0,0,19,1000,0,0,53.2427,0
19,stage_arrival,35,S17,2,switch,37,50921,73,0,0,19,246.878,0,0,51.655,0
19,stage_arrival,36,S18,0,switch,35,50921,73,0,0,19,247.316,0,0,51.655,0
19,stage_arrival,37,S32,0,switch,0,50921,73,0,0,19,103.31,0,0,51.655,0
19,stage_arrival,6,S02,0,switch,1,50922,4,0,0,19,138.732,0,0,53.2427,0
19,stage_arrival,1,S01,0,switch,0,50925,43,0,0,19,159.728,0,0,53.2427,0
19,stage_arrival,53,S55,1,switch,40,50926,106,0,0,19,298.054,0,0,100,0
19,stage_arrival,50,S38,2,switch,4,50923,115,0,0,19,290.506,0,0,100,0
19,stage_arrival,0,S00,5,terminal,0,50927,23,0,0,19,1000,0,0,0.504937,0
19,stage_arrival,43,S22,0,switch,0,50926,106,0,0,19,203.304,0,0,100,0
19,stage_arrival_coalesce,0,S00,5,terminal,0,50922,4,0,0,19,1000,0,0,53.2427,0
19,stage_arrival_coalesce,0,S00,5,terminal,0,50927,23,0,0,19,1000,0,0,53.2427,0
19,stage_arrival,40,S29,1,switch,45,50926,106,0,0,19,131.396,0,0,100,0
19,stage_arrival,57,S47,1,switch,50,50923,115,0,0,19,259.289,0,0,100,0
19,stage_arrival,5,S63,0,switch,0,50920,11,0,0,19,259.679,0,0,100,0
19,allocate_send_arrival,57,S47,1,switch,50,50923,115,0,0,19,259.289,0,100,0,0
19,allocate_send_arrival,40,S29,1,switch,45,50926,106,0,0,19,131.396,0,100,0,0
19,allocate_send_arrival,4,S37,0,switch,0,50923,115,0,0,19,203.508,0,100,0,0
19,allocate_send_arrival,21,S53,2,switch,8,50925,43,0,0,19,135.597,0,53.2427,0,0
19,allocate_send_arrival,50,S38,2,switch,4,50923,115,0,0,19,290.506,0,100,0,0
19,allocate_send_arrival,5,S63,0,switch,0,50920,11,0,0,19,259.679,0,100,0,0
19,allocate_send_arrival,11,S03,0,switch,6,50927,23,0,0,19,132.338,0,53.2427,0,0
19,allocate_send_arrival,6,S02,0,switch,1,50927,23,0,0,19,138.732,0,53.2427,0,0
19,allocate_send_arrival,6,S02,0,switch,1,50922,4,0,0,19,138.732,0,53.2427,0,0
19,allocate_send_arrival,43,S22,0,switch,0,50926,106,0,0,19,203.304,0,100,0,0
19,allocate_send_arrival,0,S00,5,terminal,0,50924,105,0,0,19,1000,0,51.655,0,0
19,allocate_send_arrival,0,S00,5,terminal,0,50922,4,0,0,19,1000,0,53.2427,0,0
19,allocate_send_arrival,0,S00,5,terminal,0,50925,43,0,0,19,1000,0,53.2427,0,0
19,allocate_send_arrival,0,S00,5,terminal,0,50921,73,0,0,19,1000,0,51.655,0,0
19,allocate_send_arrival,0,S00,5,terminal,0,50926,106,0,0,19,1000,0,100,0,0
19,allocate_send_arrival,0,S00,5,terminal,0,50923,115,0,0,19,1000,0,100,0,0
19,allocate_send_arrival,0,S00,5,terminal,0,50920,11,0,0,19,1000,0,100,0,0
19,allocate_send_arrival,0,S00,5,terminal,0,50927,23,0,0,19,1000,0,53.2427,0,0
19,allocate_send_arrival,8,S52,0,switch,1,50925,43,0,0,19,255.562,0,53.2427,0,0
19,allocate_send_arrival,2,S10,1,switch,16,50922,4,0,0,19,243.793,0,53.2427,0,0
19,allocate_send_arrival,16,S11,0,switch,12,50922,4,0,0,19,200.84,0,53.2427,0,0
19,allocate_send_arrival,45,S28,2,switch,43,50926,106,0,0,19,227.415,0,100,0,0
19,allocate_send_arrival,54,S31,1,switch,37,50924,105,0,0,19,242.335,0,51.655,0,0
19,allocate_send_arrival,37,S32,0,switch,0,50924,105,0,0,19,103.31,0,50.517,1.13801,0
19,enqueue_residual,37,S32,0,switch,0,50924,105,0,0,19,103.31,0,0,1.13801,0
19,allocate_send_arrival,37,S32,0,switch,0,50921,73,0,0,19,103.31,0,50.517,1.13801,0
19,enqueue_residual,37,S32,0,switch,0,50921,73,0,0,19,103.31,0,0,1.13801,0
19,allocate_send_arrival,1,S01,0,switch,0,50927,23,0,0,19,159.728,0,52.7377,0.504937,0
19,enqueue_residual,1,S01,0,switch,0,50927,23,0,0,19,159.728,0,0,0.504937,0
19,allocate_send_arrival,1,S01,0,switch,0,50922,4,0,0,19,159.728,0,52.7377,0.504937,0
19,enqueue_residual,1,S01,0,switch,0,50922,4,0,0,19,159.728,0,0,0.504937,0
19,allocate_send_arrival,1,S01,0,switch,0,50925,43,0,0,19,159.728,0,52.7377,0.504937,0
19,enqueue_residual,1,S01,0,switch,0,50925,43,0,0,19,159.728,0,0,0.504937,0
19,allocate_send_arrival,36,S18,0,switch,35,50921,73,0,0,19,247.316,0,51.655,0,0
19,allocate_send_arrival,35,S17,2,switch,37,50921,73,0,0,19,246.878,0,51.655,0,0
19,allocate_send_arrival,53,S55,1,switch,40,50926,106,0,0,19,298.054,0,100,0,0
19,allocate_send_arrival,52,S30,2,switch,54,50924,105,0,0,19,164.752,0,51.655,0,0
19,allocate_send_arrival,12,S04,0,switch,6,50922,4,0,0,19,184.169,0,53.2427,0,0
20,allocate_send_buffered,1,S01,0,switch,0,50927,23,0,0,20,159.728,1.51481,0.504937,0,0
20,allocate_send_buffered,1,S01,0,switch,0,50922,4,0,0,20,159.728,1.51481,0.504937,0,0
20,allocate_send_buffered,1,S01,0,switch,0,50925,43,0,0,20,159.728,1.51481,0.504937,0,0
20,allocate_send_buffered,37,S32,0,switch,0,50924,105,0,0,20,103.31,2.27603,1.13801,0,0
20,allocate_send_buffered,37,S32,0,switch,0,50921,73,0,0,20,103.31,2.27603,1.13801,0,0
20,stage_arrival,0,S00,5,terminal,0,50920,11,0,0,20,1000,0,0,100,0
20,stage_arrival,53,S55,1,switch,40,50926,106,0,0,20,298.054,0,0,100,0
20,stage_arrival,6,S02,0,switch,1,50927,23,0,0,20,138.732,0,0,53.2427,0
20,stage_arrival,4,S37,0,switch,0,50923,115,0,0,20,203.508,0,0,100,0
20,stage_arrival,16,S11,0,switch,12,50922,4,0,0,20,200.84,0,0,53.2427,0
20,stage_arrival,57,S47,1,switch,50,50923,115,0,0,20,259.289,0,0,100,0
20,stage_arrival,0,S00,5,terminal,0,50923,115,0,0,20,1000,0,0,100,0
20,stage_arrival,37,S32,0,switch,0,50924,105,0,0,20,103.31,0,0,51.655,0
20,stage_arrival,0,S00,5,terminal,0,50924,105,0,0,20,1000,0,0,50.517,0
20,stage_arrival,1,S01,0,switch,0,50925,43,0,0,20,159.728,0,0,53.2427,0
20,stage_arrival,40,S29,1,switch,45,50926,106,0,0,20,131.396,0,0,100,0
20,stage_arrival,0,S00,5,terminal,0,50927,23,0,0,20,1000,0,0,52.7377,0
20,stage_arrival,8,S52,0,switch,1,50925,43,0,0,20,255.562,0,0,53.2427,0
20,stage_arrival,0,S00,5,terminal,0,50926,106,0,0,20,1000,0,0,100,0
20,stage_arrival,35,S17,2,switch,37,50921,73,0,0,20,246.878,0,0,51.655,0
20,stage_arrival,43,S22,0,switch,0,50926,106,0,0,20,203.304,0,0,100,0
20,stage_arrival,50,S38,2,switch,4,50923,115,0,0,20,290.506,0,0,100,0
20,stage_arrival,45,S28,2,switch,43,50926,106,0,0,20,227.415,0,0,100,0
20,stage_arrival,1,S01,0,switch,0,50927,23,0,0,20,159.728,0,0,53.2427,0
20,stage_arrival_coalesce,0,S00,5,terminal,0,50927,23,0,0,20,1000,0,0,53.2427,0
20,stage_arrival,54,S31,1,switch,37,50924,105,0,0,20,242.335,0,0,51.655,0
20,stage_arrival_coalesce,0,S00,5,terminal,0,50924,105,0,0,20,1000,0,0,51.655,0
20,stage_arrival,37,S32,0,switch,0,50921,73,0,0,20,103.31,0,0,51.655,0
20,stage_arrival,21,S53,2,switch,8,50925,43,0,0,20,135.597,0,0,53.2427,0
20,stage_arrival,0,S00,5,terminal,0,50925,43,0,0,20,1000,0,0,52.7377,0
20,stage_arrival,1,S01,0,switch,0,50922,4,0,0,20,159.728,0,0,53.2427,0
20,stage_arrival,2,S10,1,switch,16,50922,4,0,0,20,243.793,0,0,53.2427,0
20,stage_arrival,0,S00,5,terminal,0,50922,4,0,0,20,1000,0,0,0.504937,0
20,stage_arrival,52,S30,2,switch,54,50924,105,0,0,20,164.752,0,0,51.655,0
20,stage_arrival,11,S03,0,switch,6,50927,23,0,0,20,132.338,0,0,53.2427,0
20,stage_arrival,0,S00,5,terminal,0,50921,73,0,0,20,1000,0,0,1.13801,0
20,stage_arrival,36,S18,0,switch,35,50921,73,0,0,20,247.316,0,0,51.655,0
20,stage_arrival_coalesce,0,S00,5,terminal,0,50922,4,0,0,20,1000,0,0,53.2427,0
20,stage_arrival,12,S04,0,switch,6,50922,4,0,0,20,184.169,0,0,53.2427,0
20,stage_arrival,6,S02,0,switch,1,50922,4,0,0,20,138.732,0,0,53.2427,0
20,stage_arrival_coalesce,0,S00,5,terminal,0,50925,43,0,0,20,1000,0,0,53.2427,0
20,stage_arrival,5,S63,0,switch,0,50920,11,0,0,20,259.679,0,0,100,0
20,stage_arrival_coalesce,0,S00,5,terminal,0,50921,73,0,0,20,1000,0,0,51.655,0
20,allocate_send_arrival,36,S18,0,switch,35,50921,73,0,0,20,247.316,0,51.655,0,0
20,allocate_send_arrival,2,S10,1,switch,16,50922,4,0,0,20,243.793,0,53.2427,0,0
20,allocate_send_arrival,54,S31,1,switch,37,50924,105,0,0,20,242.335,0,51.655,0,0
20,allocate_send_arrival,12,S04,0,switch,6,50922,4,0,0,20,184.169,0,53.2427,0,0
20,allocate_send_arrival,57,S47,1,switch,50,50923,115,0,0,20,259.289,0,100,0,0
20,allocate_send_arrival,45,S28,2,switch,43,50926,106,0,0,20,227.415,0,100,0,0
20,allocate_send_arrival,5,S63,0,switch,0,50920,11,0,0,20,259.679,0,100,0,0
20,allocate_send_arrival,0,S00,5,terminal,0,50920,11,0,0,20,1000,0,100,0,0
20,allocate_send_arrival,0,S00,5,terminal,0,50923,115,0,0,20,1000,0,100,0,0
20,allocate_send_arrival,0,S00,5,terminal,0,50924,105,0,0,20,1000,0,51.655,0,0
20,allocate_send_arrival,0,S00,5,terminal,0,50927,23,0,0,20,1000,0,53.2427,0,0
20,allocate_send_arrival,0,S00,5,terminal,0,50926,106,0,0,20,1000,0,100,0,0
20,allocate_send_arrival,0,S00,5,terminal,0,50925,43,0,0,20,1000,0,53.2427,0,0
20,allocate_send_arrival,0,S00,5,terminal,0,50922,4,0,0,20,1000,0,53.2427,0,0
20,allocate_send_arrival,0,S00,5,terminal,0,50921,73,0,0,20,1000,0,51.655,0,0
20,allocate_send_arrival,11,S03,0,switch,6,50927,23,0,0,20,132.338,0,53.2427,0,0
20,allocate_send_arrival,1,S01,0,switch,0,50925,43,0,0,20,159.728,0,52.7377,0.504937,0
20,enqueue_residual,1,S01,0,switch,0,50925,43,0,0,20,159.728,0,0,0.504937,0
20,allocate_send_arrival,1,S01,0,switch,0,50927,23,0,0,20,159.728,0,52.7377,0.504937,0
20,enqueue_residual,1,S01,0,switch,0,50927,23,0,0,20,159.728,0,0,0.504937,0
20,allocate_send_arrival,1,S01,0,switch,0,50922,4,0,0,20,159.728,0,52.7377,0.504937,0
20,enqueue_residual,1,S01,0,switch,0,50922,4,0,0,20,159.728,0,0,0.504937,0
20,allocate_send_arrival,40,S29,1,switch,45,50926,106,0,0,20,131.396,0,100,0,0
20,allocate_send_arrival,21,S53,2,switch,8,50925,43,0,0,20,135.597,0,53.2427,0,0
20,allocate_send_arrival,4,S37,0,switch,0,50923,115,0,0,20,203.508,0,100,0,0
20,allocate_send_arrival,6,S02,0,switch,1,50927,23,0,0,20,138.732,0,53.2427,0,0
20,allocate_send_arrival,6,S02,0,switch,1,50922,4,0,0,20,138.732,0,53.2427,0,0
20,allocate_send_arrival,16,S11,0,switch,12,50922,4,0,0,20,200.84,0,53.2427,0,0
20,allocate_send_arrival,35,S17,2,switch,37,50921,73,0,0,20,246.878,0,51.655,0,0
20,allocate_send_arrival,52,S30,2,switch,54,50924,105,0,0,20,164.752,0,51.655,0,0
20,allocate_send_arrival,53,S55,1,switch,40,50926,106,0,0,20,298.054,0,100,0,0
20,allocate_send_arrival,50,S38,2,switch,4,50923,115,0,0,20,290.506,0,100,0,0
20,allocate_send_arrival,43,S22,0,switch,0,50926,106,0,0,20,203.304,0,100,0,0
20,allocate_send_arrival,8,S52,0,switch,1,50925,43,0,0,20,255.562,0,53.2427,0,0
20,allocate_send_arrival,37,S32,0,switch,0,50924,105,0,0,20,103.31,0,50.517,1.13801,0
20,enqueue_residual,37,S32,0,switch,0,50924,105,0,0,20,103.31,0,0,1.13801,0
20,allocate_send_arrival,37,S32,0,switch,0,50921,73,0,0,20,103.31,0,50.517,1.13801,0
20,enqueue_residual,37,S32,0,switch,0,50921,73,0,0,20,103.31,0,0,1.13801,0
21,allocate_send_buffered,1,S01,0,switch,0,50925,43,0,0,21,159.728,1.51481,0.504937,0,0
21,allocate_send_buffered,1,S01,0,switch,0,50927,23,0,0,21,159.728,1.51481,0.504937,0,0
21,allocate_send_buffered,1,S01,0,switch,0,50922,4,0,0,21,159.728,1.51481,0.504937,0,0
21,allocate_send_buffered,37,S32,0,switch,0,50924,105,0,0,21,103.31,2.27603,1.13801,0,0
21,allocate_send_buffered,37,S32,0,switch,0,50921,73,0,0,21,103.31,2.27603,1.13801,0,0
21,stage_arrival,0,S00,5,terminal,0,50927,23,0,0,21,1000,0,0,52.7377,0
21,stage_arrival,12,S04,0,switch,6,50922,4,0,0,21,184.169,0,0,53.2427,0
21,stage_arrival,1,S01,0,switch,0,50922,4,0,0,21,159.728,0,0,53.2427,0
21,stage_arrival,0,S00,5,terminal,0,50923,115,0,0,21,1000,0,0,100,0
21,stage_arrival,0,S00,5,terminal,0,50925,43,0,0,21,1000,0,0,0.504937,0
21,stage_arrival,0,S00,5,terminal,0,50922,4,0,0,21,1000,0,0,52.7377,0
21,stage_arrival,37,S32,0,switch,0,50921,73,0,0,21,103.31,0,0,51.655,0
21,stage_arrival,43,S22,0,switch,0,50926,106,0,0,21,203.304,0,0,100,0
21,stage_arrival,8,S52,0,switch,1,50925,43,0,0,21,255.562,0,0,53.2427,0
21,stage_arrival,54,S31,1,switch,37,50924,105,0,0,21,242.335,0,0,51.655,0
21,stage_arrival,36,S18,0,switch,35,50921,73,0,0,21,247.316,0,0,51.655,0
21,stage_arrival,35,S17,2,switch,37,50921,73,0,0,21,246.878,0,0,51.655,0
21,stage_arrival,2,S10,1,switch,16,50922,4,0,0,21,243.793,0,0,53.2427,0
21,stage_arrival,0,S00,5,terminal,0,50924,105,0,0,21,1000,0,0,50.517,0
21,stage_arrival,16,S11,0,switch,12,50922,4,0,0,21,200.84,0,0,53.2427,0
21,stage_arrival,0,S00,5,terminal,0,50920,11,0,0,21,1000,0,0,100,0
21,stage_arrival_coalesce,0,S00,5,terminal,0,50925,43,0,0,21,1000,0,0,53.2427,0
21,stage_arrival,0,S00,5,terminal,0,50921,73,0,0,21,1000,0,0,1.13801,0
21,stage_arrival,1,S01,0,switch,0,50925,43,0,0,21,159.728,0,0,53.2427,0
21,stage_arrival,6,S02,0,switch,1,50927,23,0,0,21,138.732,0,0,53.2427,0
21,stage_arrival_coalesce,0,S00,5,terminal,0,50927,23,0,0,21,1000,0,0,53.2427,0
21,stage_arrival_coalesce,0,S00,5,terminal,0,50921,73,0,0,21,1000,0,0,51.655,0
21,stage_arrival_coalesce,0,S00,5,terminal,0,50922,4,0,0,21,1000,0,0,53.2427,0
21,stage_arrival,1,S01,0,switch,0,50927,23,0,0,21,159.728,0,0,53.2427,0
21,stage_arrival,6,S02,0,switch,1,50922,4,0,0,21,138.732,0,0,53.2427,0
21,stage_arrival,45,S28,2,switch,43,50926,106,0,0,21,227.415,0,0,100,0
21,stage_arrival_coalesce,0,S00,5,terminal,0,50924,105,0,0,21,1000,0,0,51.655,0
21,stage_arrival,0,S00,5,terminal,0,50926,106,0,0,21,1000,0,0,100,0
21,stage_arrival,21,S53,2,switch,8,50925,43,0,0,21,135.597,0,0,53.2427,0
21,stage_arrival,37,S32,0,switch,0,50924,105,0,0,21,103.31,0,0,51.655,0
21,stage_arrival,50,S38,2,switch,4,50923,115,0,0,21,290.506,0,0,100,0
21,stage_arrival,40,S29,1,switch,45,50926,106,0,0,21,131.396,0,0,100,0
21,stage_arrival,4,S37,0,switch,0,50923,115,0,0,21,203.508,0,0,100,0
21,stage_arrival,52,S30,2,switch,54,50924,105,0,0,21,164.752,0,0,51.655,0
21,stage_arrival,11,S03,0,switch,6,50927,23,0,0,21,132.338,0,0,53.2427,0
21,allocate_send_arrival,4,S37,0,switch,0,50923,115,0,0,21,203.508,0,100,0,0
21,allocate_send_arrival,1,S01,0,switch,0,50922,4,0,0,21,159.728,0,52.7377,0.504937,0
21,enqueue_residual,1,S01,0,switch,0,50922,4,0,0,21,159.728,0,0,0.504937,0
21,allocate_send_arrival,1,S01,0,switch,0,50925,43,0,0,21,159.728,0,52.7377,0.504937,0
21,enqueue_residual,1,S01,0,switch,0,50925,43,0,0,21,159.728,0,0,0.504937,0
21,allocate_send_arrival,1,S01,0,switch,0,50927,23,0,0,21,159.728,0,52.7377,0.504937,0
21,enqueue_residual,1,S01,0,switch,0,50927,23,0,0,21,159.728,0,0,0.504937,0
21,allocate_send_arrival,6,S02,0,switch,1,50927,23,0,0,21,138.732,0,53.2427,0,0
21,allocate_send_arrival,6,S02,0,switch,1,50922,4,0,0,21,138.732,0,53.2427,0,0
21,allocate_send_arrival,21,S53,2,switch,8,50925,43,0,0,21,135.597,0,53.2427,0,0
21,allocate_send_arrival,11,S03,0,switch,6,50927,23,0,0,21,132.338,0,53.2427,0,0
21,allocate_send_arrival,50,S38,2,switch,4,50923,115,0,0,21,290.506,0,100,0,0
21,allocate_send_arrival,54,S31,1,switch,37,50924,105,0,0,21,242.335,0,51.655,0,0
21,allocate_send_arrival,12,S04,0,switch,6,50922,4,0,0,21,184.169,0,53.2427,0,0
21,allocate_send_arrival,8,S52,0,switch,1,50925,43,0,0,21,255.562,0,53.2427,0,0
21,allocate_send_arrival,37,S32,0,switch,0,50921,73,0,0,21,103.31,0,50.517,1.13801,0
21,enqueue_residual,37,S32,0,switch,0,50921,73,0,0,21,103.31,0,0,1.13801,0
21,allocate_send_arrival,37,S32,0,switch,0,50924,105,0,0,21,103.31,0,50.517,1.13801,0
21,enqueue_residual,37,S32,0,switch,0,50924,105,0,0,21,103.31,0,0,1.13801,0
21,allocate_send_arrival,2,S10,1,switch,16,50922,4,0,0,21,243.793,0,53.2427,0,0
21,allocate_send_arrival,45,S28,2,switch,43,50926,106,0,0,21,227.415,0,100,0,0
21,allocate_send_arrival,40,S29,1,switch,45,50926,106,0,0,21,131.396,0,100,0,0
21,allocate_send_arrival,52,S30,2,switch,54,50924,105,0,0,21,164.752,0,51.655,0,0
21,allocate_send_arrival,43,S22,0,switch,0,50926,106,0,0,21,203.304,0,100,0,0
21,allocate_send_arrival,0,S00,5,terminal,0,50927,23,0,0,21,1000,0,53.2427,0,0
21,allocate_send_arrival,0,S00,5,terminal,0,50923,115,0,0,21,1000,0,100,0,0
21,allocate_send_arrival,0,S00,5,terminal,0,50925,43,0,0,21,1000,0,53.2427,0,0
21,allocate_send_arrival,0,S00,5,terminal,0,50922,4,0,0,21,1000,0,53.2427,0,0
21,allocate_send_arrival,0,S00,5,terminal,0,50924,105,0,0,21,1000,0,51.655,0,0
21,allocate_send_arrival,0,S00,5,terminal,0,50920,11,0,0,21,1000,0,100,0,0
21,allocate_send_arrival,0,S00,5,terminal,0,50921,73,0,0,21,1000,0,51.655,0,0
21,allocate_send_arrival,0,S00,5,terminal,0,50926,106,0,0,21,1000,0,100,0,0
21,allocate_send_arrival,36,S18,0,switch,35,50921,73,0,0,21,247.316,0,51.655,0,0
21,allocate_send_arrival,16,S11,0,switch,12,50922,4,0,0,21,200.84,0,53.2427,0,0
21,allocate_send_arrival,35,S17,2,switch,37,50921,73,0,0,21,246.878,0,51.655,0,0
22,allocate_send_buffered,37,S32,0,switch,0,50921,73,0,0,22,103.31,2.27603,1.13801,0,0
22,allocate_send_buffered,37,S32,0,switch,0,50924,105,0,0,22,103.31,2.27603,1.13801,0,0
22,allocate_send_buffered,1,S01,0,switch,0,50922,4,0,0,22,159.728,1.51481,0.504937,0,0
22,allocate_send_buffered,1,S01,0,switch,0,50925,43,0,0,22,159.728,1.51481,0.504937,0,0
22,allocate_send_buffered,1,S01,0,switch,0,50927,23,0,0,22,159.728,1.51481,0.504937,0,0
22,stage_arrival,0,S00,5,terminal,0,50922,4,0,0,22,1000,0,0,52.7377,0
22,stage_arrival,37,S32,0,switch,0,50924,105,0,0,22,103.31,0,0,51.655,0
22,stage_arrival,0,S00,5,terminal,0,50927,23,0,0,22,1000,0,0,52.7377,0
22,stage_arrival,45,S28,2,switch,43,50926,106,0,0,22,227.415,0,0,100,0
22,stage_arrival,36,S18,0,switch,35,50921,73,0,0,22,247.316,0,0,51.655,0
22,stage_arrival,0,S00,5,terminal,0,50925,43,0,0,22,1000,0,0,0.504937,0
22,stage_arrival,1,S01,0,switch,0,50922,4,0,0,22,159.728,0,0,53.2427,0
22,stage_arrival,0,S00,5,terminal,0,50924,105,0,0,22,1000,0,0,50.517,0
22,stage_arrival,54,S31,1,switch,37,50924,105,0,0,22,242.335,0,0,51.655,0
22,stage_arrival,35,S17,2,switch,37,50921,73,0,0,22,246.878,0,0,51.655,0
22,stage_arrival,0,S00,5,terminal,0,50921,73,0,0,22,1000,0,0,50.517,0
22,stage_arrival,16,S11,0,switch,12,50922,4,0,0,22,200.84,0,0,53.2427,0
22,stage_arrival_coalesce,0,S00,5,terminal,0,50924,105,0,0,22,1000,0,0,51.655,0
22,stage_arrival_coalesce,0,S00,5,terminal,0,50927,23,0,0,22,1000,0,0,53.2427,0
22,stage_arrival,6,S02,0,switch,1,50927,23,0,0,22,138.732,0,0,53.2427,0
22,stage_arrival,6,S02,0,switch,1,50922,4,0,0,22,138.732,0,0,53.2427,0
22,stage_arrival,37,S32,0,switch,0,50921,73,0,0,22,103.31,0,0,51.655,0
22,stage_arrival,11,S03,0,switch,6,50927,23,0,0,22,132.338,0,0,53.2427,0
22,stage_arrival_coalesce,0,S00,5,terminal,0,50922,4,0,0,22,1000,0,0,53.2427,0
22,stage_arrival,0,S00,5,terminal,0,50926,106,0,0,22,1000,0,0,100,0
22,stage_arrival,2,S10,1,switch,16,50922,4,0,0,22,243.793,0,0,53.2427,0
22,stage_arrival,0,S00,5,terminal,0,50923,115,0,0,22,1000,0,0,100,0
22,stage_arrival,1,S01,0,switch,0,50925,43,0,0,22,159.728,0,0,53.2427,0
22,stage_arrival,12,S04,0,switch,6,50922,4,0,0,22,184.169,0,0,53.2427,0
22,stage_arrival,21,S53,2,switch,8,50925,43,0,0,22,135.597,0,0,53.2427,0
22,stage_arrival,43,S22,0,switch,0,50926,106,0,0,22,203.304,0,0,100,0
22,stage_arrival_coalesce,0,S00,5,terminal,0,50921,73,0,0,22,1000,0,0,51.655,0
22,stage_arrival_coalesce,0,S00,5,terminal,0,50925,43,0,0,22,1000,0,0,53.2427,0
22,stage_arrival,8,S52,0,switch,1,50925,43,0,0,22,255.562,0,0,53.2427,0
22,stage_arrival,1,S01,0,switch,0,50927,23,0,0,22,159.728,0,0,53.2427,0
22,stage_arrival,52,S30,2,switch,54,50924,105,0,0,22,164.752,0,0,51.655,0
22,stage_arrival,4,S37,0,switch,0,50923,115,0,0,22,203.508,0,0,100,0
22,allocate_send_arrival,16,S11,0,switch,12,50922,4,0,0,22,200.84,0,53.2427,0,0
22,allocate_send_arrival,12,S04,0,switch,6,50922,4,0,0,22,184.169,0,53.2427,0,0
22,allocate_send_arrival,8,S52,0,switch,1,50925,43,0,0,22,255.562,0,53.2427,0,0
22,allocate_send_arrival,37,S32,0,switch,0,50924,105,0,0,22,103.31,0,50.517,1.13801,0
22,enqueue_residual,37,S32,0,switch,0,50924,105,0,0,22,103.31,0,0,1.13801,0
22,allocate_send_arrival,37,S32,0,switch,0,50921,73,0,0,22,103.31,0,50.517,1.13801,0
22,enqueue_residual,37,S32,0,switch,0,50921,73,0,0,22,103.31,0,0,1.13801,0
22,allocate_send_arrival,21,S53,2,switch,8,50925,43,0,0,22,135.597,0,53.2427,0,0
22,allocate_send_arrival,1,S01,0,switch,0,50922,4,0,0,22,159.728,0,52.7377,0.504937,0
22,enqueue_residual,1,S01,0,switch,0,50922,4,0,0,22,159.728,0,0,0.504937,0
22,allocate_send_arrival,1,S01,0,switch,0,50925,43,0,0,22,159.728,0,52.7377,0.504937,0
22,enqueue_residual,1,S01,0,switch,0,50925,43,0,0,22,159.728,0,0,0.504937,0
22,allocate_send_arrival,1,S01,0,switch,0,50927,23,0,0,22,159.728,0,52.7377,0.504937,0
22,enqueue_residual,1,S01,0,switch,0,50927,23,0,0,22,159.728,0,0,0.504937,0
22,allocate_send_arrival,6,S02,0,switch,1,50927,23,0,0,22,138.732,0,53.2427,0,0
22,allocate_send_arrival,6,S02,0,switch,1,50922,4,0,0,22,138.732,0,53.2427,0,0
22,allocate_send_arrival,4,S37,0,switch,0,50923,115,0,0,22,203.508,0,100,0,0
22,allocate_send_arrival,43,S22,0,switch,0,50926,106,0,0,22,203.304,0,100,0,0
22,allocate_send_arrival,11,S03,0,switch,6,50927,23,0,0,22,132.338,0,53.2427,0,0
22,allocate_send_arrival,2,S10,1,switch,16,50922,4,0,0,22,243.793,0,53.2427,0,0
22,allocate_send_arrival,36,S18,0,switch,35,50921,73,0,0,22,247.316,0,51.655,0,0
22,allocate_send_arrival,45,S28,2,switch,43,50926,106,0,0,22,227.415,0,100,0,0
22,allocate_send_arrival,52,S30,2,switch,54,50924,105,0,0,22,164.752,0,51.655,0,0
22,allocate_send_arrival,54,S31,1,switch,37,50924,105,0,0,22,242.335,0,51.655,0,0
22,allocate_send_arrival,35,S17,2,switch,37,50921,73,0,0,22,246.878,0,51.655,0,0
22,allocate_send_arrival,0,S00,5,terminal,0,50922,4,0,0,22,1000,0,53.2427,0,0
22,allocate_send_arrival,0,S00,5,terminal,0,50927,23,0,0,22,1000,0,53.2427,0,0
22,allocate_send_arrival,0,S00,5,terminal,0,50925,43,0,0,22,1000,0,53.2427,0,0
22,allocate_send_arrival,0,S00,5,terminal,0,50924,105,0,0,22,1000,0,51.655,0,0
22,allocate_send_arrival,0,S00,5,terminal,0,50921,73,0,0,22,1000,0,51.655,0,0
22,allocate_send_arrival,0,S00,5,terminal,0,50926,106,0,0,22,1000,0,100,0,0
22,allocate_send_arrival,0,S00,5,terminal,0,50923,115,0,0,22,1000,0,100,0,0
23,allocate_send_buffered,37,S32,0,switch,0,50924,105,0,0,23,103.31,2.27603,1.13801,0,0
23,allocate_send_buffered,37,S32,0,switch,0,50921,73,0,0,23,103.31,2.27603,1.13801,0,0
23,allocate_send_buffered,1,S01,0,switch,0,50922,4,0,0,23,159.728,1.51481,0.504937,0,0
23,allocate_send_buffered,1,S01,0,switch,0,50925,43,0,0,23,159.728,1.51481,0.504937,0,0
23,allocate_send_buffered,1,S01,0,switch,0,50927,23,0,0,23,159.728,1.51481,0.504937,0,0
23,stage_arrival,0,S00,5,terminal,0,50926,106,0,0,23,1000,0,0,100,0
23,stage_arrival,0,S00,5,terminal,0,50924,105,0,0,23,1000,0,0,50.517,0
23,stage_arrival,6,S02,0,switch,1,50927,23,0,0,23,138.732,0,0,53.2427,0
23,stage_arrival,11,S03,0,switch,6,50927,23,0,0,23,132.338,0,0,53.2427,0
23,stage_arrival,1,S01,0,switch,0,50925,43,0,0,23,159.728,0,0,53.2427,0
23,stage_arrival,0,S00,5,terminal,0,50921,73,0,0,23,1000,0,0,50.517,0
23,stage_arrival,36,S18,0,switch,35,50921,73,0,0,23,247.316,0,0,51.655,0
23,stage_arrival,0,S00,5,terminal,0,50923,115,0,0,23,1000,0,0,100,0
23,stage_arrival,2,S10,1,switch,16,50922,4,0,0,23,243.793,0,0,53.2427,0
23,stage_arrival,0,S00,5,terminal,0,50927,23,0,0,23,1000,0,0,52.7377,0
23,stage_arrival_coalesce,0,S00,5,terminal,0,50921,73,0,0,23,1000,0,0,51.655,0
23,stage_arrival,0,S00,5,terminal,0,50922,4,0,0,23,1000,0,0,52.7377,0
23,stage_arrival_coalesce,0,S00,5,terminal,0,50924,105,0,0,23,1000,0,0,51.655,0
23,stage_arrival,0,S00,5,terminal,0,50925,43,0,0,23,1000,0,0,52.7377,0
23,stage_arrival,43,S22,0,switch,0,50926,106,0,0,23,203.304,0,0,100,0
23,stage_arrival,35,S17,2,switch,37,50921,73,0,0,23,246.878,0,0,51.655,0
23,stage_arrival,21,S53,2,switch,8,50925,43,0,0,23,135.597,0,0,53.2427,0
23,stage_arrival,37,S32,0,switch,0,50921,73,0,0,23,103.31,0,0,51.655,0
23,stage_arrival,54,S31,1,switch,37,50924,105,0,0,23,242.335,0,0,51.655,0
23,stage_arrival,1,S01,0,switch,0,50927,23,0,0,23,159.728,0,0,53.2427,0
23,stage_arrival,37,S32,0,switch,0,50924,105,0,0,23,103.31,0,0,51.655,0
23,stage_arrival,1,S01,0,switch,0,50922,4,0,0,23,159.728,0,0,53.2427,0
23,stage_arrival_coalesce,0,S00,5,terminal,0,50927,23,0,0,23,1000,0,0,53.2427,0
23,stage_arrival_coalesce,0,S00,5,terminal,0,50922,4,0,0,23,1000,0,0,53.2427,0
23,stage_arrival,16,S11,0,switch,12,50922,4,0,0,23,200.84,0,0,53.2427,0
23,stage_arrival,12,S04,0,switch,6,50922,4,0,0,23,184.169,0,0,53.2427,0
23,stage_arrival,8,S52,0,switch,1,50925,43,0,0,23,255.562,0,0,53.2427,0
23,stage_arrival_coalesce,0,S00,5,terminal,0,50925,43,0,0,23,1000,0,0,53.2427,0
23,stage_arrival,6,S02,0,switch,1,50922,4,0,0,23,138.732,0,0,53.2427,0
23,stage_arrival,52,S30,2,switch,54,50924,105,0,0,23,164.752,0,0,51.655,0
23,allocate_send_arrival,52,S30,2,switch,54,50924,105,0,0,23,164.752,0,51.655,0,0
23,allocate_send_arrival,37,S32,0,switch,0,50921,73,0,0,23,103.31,0,50.517,1.13801,0
23,enqueue_residual,37,S32,0,switch,0,50921,73,0,0,23,103.31,0,0,1.13801,0
23,allocate_send_arrival,37,S32,0,switch,0,50924,105,0,0,23,103.31,0,50.517,1.13801,0
23,enqueue_residual,37,S32,0,switch,0,50924,105,0,0,23,103.31,0,0,1.13801,0
23,allocate_send_arrival,2,S10,1,switch,16,50922,4,0,0,23,243.793,0,53.2427,0,0
23,allocate_send_arrival,12,S04,0,switch,6,50922,4,0,0,23,184.169,0,53.2427,0,0
23,allocate_send_arrival,35,S17,2,switch,37,50921,73,0,0,23,246.878,0,51.655,0,0
23,allocate_send_arrival,16,S11,0,switch,12,50922,4,0,0,23,200.84,0,53.2427,0,0
23,allocate_send_arrival,21,S53,2,switch,8,50925,43,0,0,23,135.597,0,53.2427,0,0
23,allocate_send_arrival,43,S22,0,switch,0,50926,106,0,0,23,203.304,0,100,0,0
23,allocate_send_arrival,8,S52,0,switch,1,50925,43,0,0,23,255.562,0,53.2427,0,0
23,allocate_send_arrival,1,S01,0,switch,0,50925,43,0,0,23,159.728,0,52.7377,0.504937,0
23,enqueue_residual,1,S01,0,switch,0,50925,43,0,0,23,159.728,0,0,0.504937,0
23,allocate_send_arrival,1,S01,0,switch,0,50927,23,0,0,23,159.728,0,52.7377,0.504937,0
23,enqueue_residual,1,S01,0,switch,0,50927,23,0,0,23,159.728,0,0,0.504937,0
23,allocate_send_arrival,1,S01,0,switch,0,50922,4,0,0,23,159.728,0,52.7377,0.504937,0
23,enqueue_residual,1,S01,0,switch,0,50922,4,0,0,23,159.728,0,0,0.504937,0
23,allocate_send_arrival,0,S00,5,terminal,0,50926,106,0,0,23,1000,0,100,1.45519e-14,0
23,allocate_send_arrival,0,S00,5,terminal,0,50924,105,0,0,23,1000,0,51.655,0,0
23,allocate_send_arrival,0,S00,5,terminal,0,50921,73,0,0,23,1000,0,51.655,0,0
23,allocate_send_arrival,0,S00,5,terminal,0,50923,115,0,0,23,1000,0,100,1.45519e-14,0
23,allocate_send_arrival,0,S00,5,terminal,0,50927,23,0,0,23,1000,0,53.2427,0,0
23,allocate_send_arrival,0,S00,5,terminal,0,50922,4,0,0,23,1000,0,53.2427,0,0
23,allocate_send_arrival,0,S00,5,terminal,0,50925,43,0,0,23,1000,0,53.2427,0,0
23,allocate_send_arrival,6,S02,0,switch,1,50927,23,0,0,23,138.732,0,53.2427,0,0
23,allocate_send_arrival,6,S02,0,switch,1,50922,4,0,0,23,138.732,0,53.2427,0,0
23,allocate_send_arrival,54,S31,1,switch,37,50924,105,0,0,23,242.335,0,51.655,0,0
23,allocate_send_arrival,36,S18,0,switch,35,50921,73,0,0,23,247.316,0,51.655,0,0
23,allocate_send_arrival,11,S03,0,switch,6,50927,23,0,0,23,132.338,0,53.2427,0,0
24,allocate_send_buffered,1,S01,0,switch,0,50925,43,0,0,24,159.728,1.51481,0.504937,0,0
24,allocate_send_buffered,1,S01,0,switch,0,50927,23,0,0,24,159.728,1.51481,0.504937,0,0
24,allocate_send_buffered,1,S01,0,switch,0,50922,4,0,0,24,159.728,1.51481,0.504937,0,0
24,allocate_send_buffered,37,S32,0,switch,0,50921,73,0,0,24,103.31,2.27603,1.13801,0,0
24,allocate_send_buffered,37,S32,0,switch,0,50924,105,0,0,24,103.31,2.27603,1.13801,0,0
24,stage_arrival,52,S30,2,switch,54,50924,105,0,0,24,164.752,0,0,51.655,0
24,stage_arrival,0,S00,5,terminal,0,50927,23,0,0,24,1000,0,0,0.504937,0
24,stage_arrival,1,S01,0,switch,0,50925,43,0,0,24,159.728,0,0,53.2427,0
24,stage_arrival,0,S00,5,terminal,0,50926,106,0,0,24,1000,0,0,100,0
24,stage_arrival,0,S00,5,terminal,0,50925,43,0,0,24,1000,0,0,0.504937,0
24,stage_arrival,0,S00,5,terminal,0,50921,73,0,0,24,1000,0,0,1.13801,0
24,stage_arrival,36,S18,0,switch,35,50921,73,0,0,24,247.316,0,0,51.655,0
24,stage_arrival,37,S32,0,switch,0,50924,105,0,0,24,103.31,0,0,51.655,0
24,stage_arrival,21,S53,2,switch,8,50925,43,0,0,24,135.597,0,0,53.2427,0
24,stage_arrival,2,S10,1,switch,16,50922,4,0,0,24,243.793,0,0,53.2427,0
24,stage_arrival,0,S00,5,terminal,0,50922,4,0,0,24,1000,0,0,52.7377,0
24,stage_arrival_coalesce,0,S00,5,terminal,0,50922,4,0,0,24,1000,0,0,53.2427,0
24,stage_arrival_coalesce,0,S00,5,terminal,0,50925,43,0,0,24,1000,0,0,53.2427,0
24,stage_arrival,0,S00,5,terminal,0,50924,105,0,0,24,1000,0,0,1.13801,0
24,stage_arrival,35,S17,2,switch,37,50921,73,0,0,24,246.878,0,0,51.655,0
24,stage_arrival,6,S02,0,switch,1,50922,4,0,0,24,138.732,0,0,53.2427,0
24,stage_arrival,12,S04,0,switch,6,50922,4,0,0,24,184.169,0,0,53.2427,0
24,stage_arrival,1,S01,0,switch,0,50927,23,0,0,24,159.728,0,0,53.2427,0
24,stage_arrival,54,S31,1,switch,37,50924,105,0,0,24,242.335,0,0,51.655,0
24,stage_arrival,8,S52,0,switch,1,50925,43,0,0,24,255.562,0,0,53.2427,0
24,stage_arrival,11,S03,0,switch,6,50927,23,0,0,24,132.338,0,0,53.2427,0
24,stage_arrival,37,S32,0,switch,0,50921,73,0,0,24,103.31,0,0,51.655,0
24,stage_arrival_coalesce,0,S00,5,terminal,0,50921,73,0,0,24,1000,0,0,51.655,0
24,stage_arrival,16,S11,0,switch,12,50922,4,0,0,24,200.84,0,0,53.2427,0
24,stage_arrival,6,S02,0,switch,1,50927,23,0,0,24,138.732,0,0,53.2427,0
24,stage_arrival_coalesce,0,S00,5,terminal,0,50924,105,0,0,24,1000,0,0,51.655,0
24,stage_arrival,1,S01,0,switch,0,50922,4,0,0,24,159.728,0,0,53.2427,0
24,stage_arrival_coalesce,0,S00,5,terminal,0,50927,23,0,0,24,1000,0,0,53.2427,0
24,allocate_send_arrival,21,S53,2,switch,8,50925,43,0,0,24,135.597,0,53.2427,0,0
24,allocate_send_arrival,52,S30,2,switch,54,50924,105,0,0,24,164.752,0,51.655,0,0
24,allocate_send_arrival,12,S04,0,switch,6,50922,4,0,0,24,184.169,0,53.2427,0,0
24,allocate_send_arrival,36,S18,0,switch,35,50921,73,0,0,24,247.316,0,51.655,0,0
24,allocate_send_arrival,35,S17,2,switch,37,50921,73,0,0,24,246.878,0,51.655,0,0
24,allocate_send_arrival,8,S52,0,switch,1,50925,43,0,0,24,255.562,0,53.2427,0,0
24,allocate_send_arrival,6,S02,0,switch,1,50922,4,0,0,24,138.732,0,53.2427,0,0
24,allocate_send_arrival,6,S02,0,switch,1,50927,23,0,0,24,138.732,0,53.2427,0,0
24,allocate_send_arrival,0,S00,5,terminal,0,50927,23,0,0,24,1000,0,53.2427,0,0
24,allocate_send_arrival,0,S00,5,terminal,0,50926,106,0,0,24,1000,0,100,0,0
24,allocate_send_arrival,0,S00,5,terminal,0,50925,43,0,0,24,1000,0,53.2427,0,0
24,allocate_send_arrival,0,S00,5,terminal,0,50921,73,0,0,24,1000,0,51.655,0,0
24,allocate_send_arrival,0,S00,5,terminal,0,50922,4,0,0,24,1000,0,53.2427,0,0
24,allocate_send_arrival,0,S00,5,terminal,0,50924,105,0,0,24,1000,0,51.655,0,0
24,allocate_send_arrival,11,S03,0,switch,6,50927,23,0,0,24,132.338,0,53.2427,0,0
24,allocate_send_arrival,1,S01,0,switch,0,50925,43,0,0,24,159.728,0,52.7377,0.504937,0
24,enqueue_residual,1,S01,0,switch,0,50925,43,0,0,24,159.728,0,0,0.504937,0
24,allocate_send_arrival,1,S01,0,switch,0,50927,23,0,0,24,159.728,0,52.7377,0.504937,0
24,enqueue_residual,1,S01,0,switch,0,50927,23,0,0,24,159.728,0,0,0.504937,0
24,allocate_send_arrival,1,S01,0,switch,0,50922,4,0,0,24,159.728,0,52.7377,0.504937,0
24,enqueue_residual,1,S01,0,switch,0,50922,4,0,0,24,159.728,0,0,0.504937,0
24,allocate_send_arrival,37,S32,0,switch,0,50924,105,0,0,24,103.31,0,50.517,1.13801,0
24,enqueue_residual,37,S32,0,switch,0,50924,105,0,0,24,103.31,0,0,1.13801,0
24,allocate_send_arrival,37,S32,0,switch,0,50921,73,0,0,24,103.31,0,50.517,1.13801,0
24,enqueue_residual,37,S32,0,switch,0,50921,73,0,0,24,103.31,0,0,1.13801,0
24,allocate_send_arrival,2,S10,1,switch,16,50922,4,0,0,24,243.793,0,53.2427,0,0
24,allocate_send_arrival,16,S11,0,switch,12,50922,4,0,0,24,200.84,0,53.2427,0,0
24,allocate_send_arrival,54,S31,1,switch,37,50924,105,0,0,24,242.335,0,51.655,0,0
25,allocate_send_buffered,37,S32,0,switch,0,50924,105,0,0,25,103.31,2.27603,1.13801,0,0
25,allocate_send_buffered,37,S32,0,switch,0,50921,73,0,0,25,103.31,2.27603,1.13801,0,0
25,allocate_send_buffered,1,S01,0,switch,0,50925,43,0,0,25,159.728,1.51481,0.504937,0,0
25,allocate_send_buffered,1,S01,0,switch,0,50927,23,0,0,25,159.728,1.51481,0.504937,0,0
25,allocate_send_buffered,1,S01,0,switch,0,50922,4,0,0,25,159.728,1.51481,0.504937,0,0
25,stage_arrival,8,S52,0,switch,1,50925,43,0,0,25,255.562,0,0,53.2427,0
25,stage_arrival,0,S00,5,terminal,0,50922,4,0,0,25,1000,0,0,52.7377,0
25,stage_arrival,1,S01,0,switch,0,50922,4,0,0,25,159.728,0,0,53.2427,0
25,stage_arrival,36,S18,0,switch,35,50921,73,0,0,25,247.316,0,0,51.655,0
25,stage_arrival,16,S11,0,switch,12,50922,4,0,0,25,200.84,0,0,53.2427,0
25,stage_arrival,0,S00,5,terminal,0,50924,105,0,0,25,1000,0,0,50.517,0
25,stage_arrival,0,S00,5,terminal,0,50925,43,0,0,25,1000,0,0,0.504937,0
25,stage_arrival,52,S30,2,switch,54,50924,105,0,0,25,164.752,0,0,51.655,0
25,stage_arrival,0,S00,5,terminal,0,50927,23,0,0,25,1000,0,0,52.7377,0
25,stage_arrival,12,S04,0,switch,6,50922,4,0,0,25,184.169,0,0,53.2427,0
25,stage_arrival,6,S02,0,switch,1,50922,4,0,0,25,138.732,0,0,53.2427,0
25,stage_arrival,6,S02,0,switch,1,50927,23,0,0,25,138.732,0,0,53.2427,0
25,stage_arrival,37,S32,0,switch,0,50924,105,0,0,25,103.31,0,0,51.655,0
25,stage_arrival,1,S01,0,switch,0,50927,23,0,0,25,159.728,0,0,53.2427,0
25,stage_arrival,11,S03,0,switch,6,50927,23,0,0,25,132.338,0,0,53.2427,0
25,stage_arrival,35,S17,2,switch,37,50921,73,0,0,25,246.878,0,0,51.655,0
25,stage_arrival,0,S00,5,terminal,0,50921,73,0,0,25,1000,0,0,1.13801,0
25,stage_arrival_coalesce,0,S00,5,terminal,0,50927,23,0,0,25,1000,0,0,53.2427,0
25,stage_arrival_coalesce,0,S00,5,terminal,0,50924,105,0,0,25,1000,0,0,51.655,0
25,stage_arrival,21,S53,2,switch,8,50925,43,0,0,25,135.597,0,0,53.2427,0
25,stage_arrival,54,S31,1,switch,37,50924,105,0,0,25,242.335,0,0,51.655,0
25,stage_arrival,1,S01,0,switch,0,50925,43,0,0,25,159.728,0,0,53.2427,0
25,stage_arrival_coalesce,0,S00,5,terminal,0,50922,4,0,0,25,1000,0,0,53.2427,0
25,stage_arrival_coalesce,0,S00,5,terminal,0,50925,43,0,0,25,1000,0,0,53.2427,0
25,stage_arrival,37,S32,0,switch,0,50921,73,0,0,25,103.31,0,0,51.655,0
25,stage_arrival_coalesce,0,S00,5,terminal,0,50921,73,0,0,25,1000,0,0,51.655,0
25,stage_arrival,2,S10,1,switch,16,50922,4,0,0,25,243.793,0,0,53.2427,0
25,allocate_send_arrival,8,S52,0,switch,1,50925,43,0,0,25,255.562,0,53.2427,0,0
25,allocate_send_arrival,35,S17,2,switch,37,50921,73,0,0,25,246.878,0,51.655,0,0
25,allocate_send_arrival,52,S30,2,switch,54,50924,105,0,0,25,164.752,0,51.655,0,0
25,allocate_send_arrival,54,S31,1,switch,37,50924,105,0,0,25,242.335,0,51.655,0,0
25,allocate_send_arrival,6,S02,0,switch,1,50922,4,0,0,25,138.732,0,53.2427,0,0
25,allocate_send_arrival,6,S02,0,switch,1,50927,23,0,0,25,138.732,0,53.2427,0,0
25,allocate_send_arrival,12,S04,0,switch,6,50922,4,0,0,25,184.169,0,53.2427,0,0
25,allocate_send_arrival,16,S11,0,switch,12,50922,4,0,0,25,200.84,0,53.2427,0,0
25,allocate_send_arrival,37,S32,0,switch,0,50924,105,0,0,25,103.31,0,50.517,1.13801,0
25,enqueue_residual,37,S32,0,switch,0,50924,105,0,0,25,103.31,0,0,1.13801,0
25,allocate_send_arrival,37,S32,0,switch,0,50921,73,0,0,25,103.31,0,50.517,1.13801,0
25,enqueue_residual,37,S32,0,switch,0,50921,73,0,0,25,103.31,0,0,1.13801,0
25,allocate_send_arrival,11,S03,0,switch,6,50927,23,0,0,25,132.338,0,53.2427,0,0
25,allocate_send_arrival,36,S18,0,switch,35,50921,73,0,0,25,247.316,0,51.655,0,0
25,allocate_send_arrival,1,S01,0,switch,0,50922,4,0,0,25,159.728,0,52.7377,0.504937,0
25,enqueue_residual,1,S01,0,switch,0,50922,4,0,0,25,159.728,0,0,0.504937,0
25,allocate_send_arrival,1,S01,0,switch,0,50927,23,0,0,25,159.728,0,52.7377,0.504937,0
25,enqueue_residual,1,S01,0,switch,0,50927,23,0,0,25,159.728,0,0,0.504937,0
25,allocate_send_arrival,1,S01,0,switch,0,50925,43,0,0,25,159.728,0,52.7377,0.504937,0
25,enqueue_residual,1,S01,0,switch,0,50925,43,0,0,25,159.728,0,0,0.504937,0
25,allocate_send_arrival,0,S00,5,terminal,0,50922,4,0,0,25,1000,0,53.2427,7.27596e-15,0
25,allocate_send_arrival,0,S00,5,terminal,0,50924,105,0,0,25,1000,0,51.655,0,0
25,allocate_send_arrival,0,S00,5,terminal,0,50925,43,0,0,25,1000,0,53.2427,7.27596e-15,0
25,allocate_send_arrival,0,S00,5,terminal,0,50927,23,0,0,25,1000,0,53.2427,7.27596e-15,0
25,allocate_send_arrival,0,S00,5,terminal,0,50921,73,0,0,25,1000,0,51.655,0,0
25,allocate_send_arrival,2,S10,1,switch,16,50922,4,0,0,25,243.793,0,53.2427,0,0
25,allocate_send_arrival,21,S53,2,switch,8,50925,43,0,0,25,135.597,0,53.2427,0,0
26,allocate_send_buffered,37,S32,0,switch,0,50924,105,0,0,26,103.31,2.27603,1.13801,0,0
26,allocate_send_buffered,37,S32,0,switch,0,50921,73,0,0,26,103.31,2.27603,1.13801,0,0
26,allocate_send_buffered,1,S01,0,switch,0,50922,4,0,0,26,159.728,1.51481,0.504937,0,0
26,allocate_send_buffered,1,S01,0,switch,0,50927,23,0,0,26,159.728,1.51481,0.504937,0,0
26,allocate_send_buffered,1,S01,0,switch,0,50925,43,0,0,26,159.728,1.51481,0.504937,0,0
26,stage_arrival,0,S00,5,terminal,0,50927,23,0,0,26,1000,0,0,0.504937,0
26,stage_arrival,2,S10,1,switch,16,50922,4,0,0,26,243.793,0,0,53.2427,0
26,stage_arrival,6,S02,0,switch,1,50922,4,0,0,26,138.732,0,0,53.2427,0
26,stage_arrival_coalesce,0,S00,5,terminal,0,50927,23,0,0,26,1000,0,0,53.2427,0
26,stage_arrival,8,S52,0,switch,1,50925,43,0,0,26,255.562,0,0,53.2427,0
26,stage_arrival,21,S53,2,switch,8,50925,43,0,0,26,135.597,0,0,53.2427,0
26,stage_arrival,0,S00,5,terminal,0,50921,73,0,0,26,1000,0,0,50.517,0
26,stage_arrival,37,S32,0,switch,0,50921,73,0,0,26,103.31,0,0,51.655,0
26,stage_arrival,0,S00,5,terminal,0,50924,105,0,0,26,1000,0,0,1.13801,0
26,stage_arrival,6,S02,0,switch,1,50927,23,0,0,26,138.732,0,0,53.2427,0
26,stage_arrival,16,S11,0,switch,12,50922,4,0,0,26,200.84,0,0,53.2427,0
26,stage_arrival,0,S00,5,terminal,0,50922,4,0,0,26,1000,0,0,0.504937,0
26,stage_arrival,54,S31,1,switch,37,50924,105,0,0,26,242.335,0,0,51.655,0
26,stage_arrival,36,S18,0,switch,35,50921,73,0,0,26,247.316,0,0,51.655,0
26,stage_arrival_coalesce,0,S00,5,terminal,0,50922,4,0,0,26,1000,0,0,53.2427,0
26,stage_arrival,35,S17,2,switch,37,50921,73,0,0,26,246.878,0,0,51.655,0
26,stage_arrival,37,S32,0,switch,0,50924,105,0,0,26,103.31,0,0,51.655,0
26,stage_arrival,1,S01,0,switch,0,50927,23,0,0,26,159.728,0,0,53.2427,0
26,stage_arrival_coalesce,0,S00,5,terminal,0,50921,73,0,0,26,1000,0,0,51.655,0
26,stage_arrival,11,S03,0,switch,6,50927,23,0,0,26,132.338,0,0,53.2427,0
26,stage_arrival,0,S00,5,terminal,0,50925,43,0,0,26,1000,0,0,52.7377,0
26,stage_arrival,12,S04,0,switch,6,50922,4,0,0,26,184.169,0,0,53.2427,0
26,stage_arrival,1,S01,0,switch,0,50922,4,0,0,26,159.728,0,0,53.2427,0
26,stage_arrival,52,S30,2,switch,54,50924,105,0,0,26,164.752,0,0,51.655,0
26,stage_arrival_coalesce,0,S00,5,terminal,0,50924,105,0,0,26,1000,0,0,51.655,0
26,stage_arrival,1,S01,0,switch,0,50925,43,0,0,26,159.728,0,0,53.2427,0
26,stage_arrival_coalesce,0,S00,5,terminal,0,50925,43,0,0,26,1000,0,0,53.2427,0
26,allocate_send_arrival,6,S02,0,switch,1,50922,4,0,0,26,138.732,0,53.2427,0,0
26,allocate_send_arrival,6,S02,0,switch,1,50927,23,0,0,26,138.732,0,53.2427,0,0
26,allocate_send_arrival,12,S04,0,switch,6,50922,4,0,0,26,184.169,0,53.2427,0,0
26,allocate_send_arrival,36,S18,0,switch,35,50921,73,0,0,26,247.316,0,51.655,0,0
26,allocate_send_arrival,54,S31,1,switch,37,50924,105,0,0,26,242.335,0,51.655,0,0
26,allocate_send_arrival,8,S52,0,switch,1,50925,43,0,0,26,255.562,0,53.2427,0,0
26,allocate_send_arrival,0,S00,5,terminal,0,50927,23,0,0,26,1000,0,53.2427,7.27596e-15,0
26,allocate_send_arrival,0,S00,5,terminal,0,50921,73,0,0,26,1000,0,51.655,0,0
26,allocate_send_arrival,0,S00,5,terminal,0,50924,105,0,0,26,1000,0,51.655,0,0
26,allocate_send_arrival,0,S00,5,terminal,0,50922,4,0,0,26,1000,0,53.2427,7.27596e-15,0
26,allocate_send_arrival,0,S00,5,terminal,0,50925,43,0,0,26,1000,0,53.2427,7.27596e-15,0
26,allocate_send_arrival,37,S32,0,switch,0,50921,73,0,0,26,103.31,0,50.517,1.13801,0
26,enqueue_residual,37,S32,0,switch,0,50921,73,0,0,26,103.31,0,0,1.13801,0
26,allocate_send_arrival,37,S32,0,switch,0,50924,105,0,0,26,103.31,0,50.517,1.13801,0
26,enqueue_residual,37,S32,0,switch,0,50924,105,0,0,26,103.31,0,0,1.13801,0
26,allocate_send_arrival,11,S03,0,switch,6,50927,23,0,0,26,132.338,0,53.2427,0,0
26,allocate_send_arrival,16,S11,0,switch,12,50922,4,0,0,26,200.84,0,53.2427,0,0
26,allocate_send_arrival,21,S53,2,switch,8,50925,43,0,0,26,135.597,0,53.2427,0,0
26,allocate_send_arrival,52,S30,2,switch,54,50924,105,0,0,26,164.752,0,51.655,0,0
26,allocate_send_arrival,2,S10,1,switch,16,50922,4,0,0,26,243.793,0,53.2427,0,0
26,allocate_send_arrival,35,S17,2,switch,37,50921,73,0,0,26,246.878,0,51.655,0,0
26,allocate_send_arrival,1,S01,0,switch,0,50927,23,0,0,26,159.728,0,52.7377,0.504937,0
26,enqueue_residual,1,S01,0,switch,0,50927,23,0,0,26,159.728,0,0,0.504937,0
26,allocate_send_arrival,1,S01,0,switch,0,50922,4,0,0,26,159.728,0,52.7377,0.504937,0
26,enqueue_residual,1,S01,0,switch,0,50922,4,0,0,26,159.728,0,0,0.504937,0
26,allocate_send_arrival,1,S01,0,switch,0,50925,43,0,0,26,159.728,0,52.7377,0.504937,0
26,enqueue_residual,1,S01,0,switch,0,50925,43,0,0,26,159.728,0,0,0.504937,0
27,allocate_send_buffered,1,S01,0,switch,0,50927,23,0,0,27,159.728,1.51481,0.504937,0,0
27,allocate_send_buffered,1,S01,0,switch,0,50922,4,0,0,27,159.728,1.51481,0.504937,0,0
27,allocate_send_buffered,1,S01,0,switch,0,50925,43,0,0,27,159.728,1.51481,0.504937,0,0
27,allocate_send_buffered,37,S32,0,switch,0,50921,73,0,0,27,103.31,2.27603,1.13801,0,0
27,allocate_send_buffered,37,S32,0,switch,0,50924,105,0,0,27,103.31,2.27603,1.13801,0,0
27,stage_arrival,37,S32,0,switch,0,50921,73,0,0,27,103.31,0,0,51.655,0
27,stage_arrival,52,S30,2,switch,54,50924,105,0,0,27,164.752,0,0,51.655,0
27,stage_arrival,1,S01,0,switch,0,50922,4,0,0,27,159.728,0,0,53.2427,0
27,stage_arrival,35,S17,2,switch,37,50921,73,0,0,27,246.878,0,0,51.655,0
27,stage_arrival,0,S00,5,terminal,0,50927,23,0,0,27,1000,0,0,52.7377,0
27,stage_arrival,37,S32,0,switch,0,50924,105,0,0,27,103.31,0,0,51.655,0
27,stage_arrival,0,S00,5,terminal,0,50924,105,0,0,27,1000,0,0,50.517,0
27,stage_arrival_coalesce,0,S00,5,terminal,0,50927,23,0,0,27,1000,0,0,53.2427,0
27,stage_arrival,16,S11,0,switch,12,50922,4,0,0,27,200.84,0,0,53.2427,0
27,stage_arrival,0,S00,5,terminal,0,50922,4,0,0,27,1000,0,0,0.504937,0
27,stage_arrival,0,S00,5,terminal,0,50921,73,0,0,27,1000,0,0,50.517,0
27,stage_arrival,36,S18,0,switch,35,50921,73,0,0,27,247.316,0,0,51.655,0
27,stage_arrival,21,S53,2,switch,8,50925,43,0,0,27,135.597,0,0,53.2427,0
27,stage_arrival,0,S00,5,terminal,0,50925,43,0,0,27,1000,0,0,0.504937,0
27,stage_arrival,6,S02,0,switch,1,50922,4,0,0,27,138.732,0,0,53.2427,0
27,stage_arrival_coalesce,0,S00,5,terminal,0,50921,73,0,0,27,1000,0,0,51.655,0
27,stage_arrival,11,S03,0,switch,6,50927,23,0,0,27,132.338,0,0,53.2427,0
27,stage_arrival_coalesce,0,S00,5,terminal,0,50925,43,0,0,27,1000,0,0,53.2427,0
27,stage_arrival,2,S10,1,switch,16,50922,4,0,0,27,243.793,0,0,53.2427,0
27,stage_arrival,6,S02,0,switch,1,50927,23,0,0,27,138.732,0,0,53.2427,0
27,stage_arrival,8,S52,0,switch,1,50925,43,0,0,27,255.562,0,0,53.2427,0
27,stage_arrival,12,S04,0,switch,6,50922,4,0,0,27,184.169,0,0,53.2427,0
27,stage_arrival_coalesce,0,S00,5,terminal,0,50924,105,0,0,27,1000,0,0,51.655,0
27,stage_arrival_coalesce,0,S00,5,terminal,0,50922,4,0,0,27,1000,0,0,53.2427,0
27,stage_arrival,1,S01,0,switch,0,50927,23,0,0,27,159.728,0,0,53.2427,0
27,stage_arrival,54,S31,1,switch,37,50924,105,0,0,27,242.335,0,0,51.655,0
27,stage_arrival,1,S01,0,switch,0,50925,43,0,0,27,159.728,0,0,53.2427,0
27,allocate_send_arrival,36,S18,0,switch,35,50921,73,0,0,27,247.316,0,51.655,0,0
27,allocate_send_arrival,52,S30,2,switch,54,50924,105,0,0,27,164.752,0,51.655,0,0
27,allocate_send_arrival,11,S03,0,switch,6,50927,23,0,0,27,132.338,0,53.2427,0,0
27,allocate_send_arrival,35,S17,2,switch,37,50921,73,0,0,27,246.878,0,51.655,0,0
27,allocate_send_arrival,0,S00,5,terminal,0,50927,23,0,0,27,1000,0,53.2427,7.27596e-15,0
27,allocate_send_arrival,0,S00,5,terminal,0,50924,105,0,0,27,1000,0,51.655,0,0
27,allocate_send_arrival,0,S00,5,terminal,0,50922,4,0,0,27,1000,0,53.2427,7.27596e-15,0
27,allocate_send_arrival,0,S00,5,terminal,0,50921,73,0,0,27,1000,0,51.655,0,0
27,allocate_send_arrival,0,S00,5,terminal,0,50925,43,0,0,27,1000,0,53.2427,7.27596e-15,0
27,allocate_send_arrival,12,S04,0,switch,6,50922,4,0,0,27,184.169,0,53.2427,0,0
27,allocate_send_arrival,16,S11,0,switch,12,50922,4,0,0,27,200.84,0,53.2427,0,0
27,allocate_send_arrival,54,S31,1,switch,37,50924,105,0,0,27,242.335,0,51.655,0,0
27,allocate_send_arrival,37,S32,0,switch,0,50921,73,0,0,27,103.31,0,50.517,1.13801,0
27,enqueue_residual,37,S32,0,switch,0,50921,73,0,0,27,103.31,0,0,1.13801,0
27,allocate_send_arrival,37,S32,0,switch,0,50924,105,0,0,27,103.31,0,50.517,1.13801,0
27,enqueue_residual,37,S32,0,switch,0,50924,105,0,0,27,103.31,0,0,1.13801,0
27,allocate_send_arrival,21,S53,2,switch,8,50925,43,0,0,27,135.597,0,53.2427,0,0
27,allocate_send_arrival,8,S52,0,switch,1,50925,43,0,0,27,255.562,0,53.2427,0,0
27,allocate_send_arrival,6,S02,0,switch,1,50922,4,0,0,27,138.732,0,53.2427,8.00355e-14,0
27,allocate_send_arrival,6,S02,0,switch,1,50927,23,0,0,27,138.732,0,53.2427,0,0
27,allocate_send_arrival,2,S10,1,switch,16,50922,4,0,0,27,243.793,0,53.2427,0,0
27,allocate_send_arrival,1,S01,0,switch,0,50922,4,0,0,27,159.728,0,52.7377,0.504937,0
27,enqueue_residual,1,S01,0,switch,0,50922,4,0,0,27,159.728,0,0,0.504937,0
27,allocate_send_arrival,1,S01,0,switch,0,50927,23,0,0,27,159.728,0,52.7377,0.504937,0
27,enqueue_residual,1,S01,0,switch,0,50927,23,0,0,27,159.728,0,0,0.504937,0
27,allocate_send_arrival,1,S01,0,switch,0,50925,43,0,0,27,159.728,0,52.7377,0.504937,0
27,enqueue_residual,1,S01,0,switch,0,50925,43,0,0,27,159.728,0,0,0.504937,0
28,allocate_send_buffered,1,S01,0,switch,0,50922,4,0,0,28,159.728,1.51481,0.504937,0,0
28,allocate_send_buffered,1,S01,0,switch,0,50927,23,0,0,28,159.728,1.51481,0.504937,0,0
28,allocate_send_buffered,1,S01,0,switch,0,50925,43,0,0,28,159.728,1.51481,0.504937,0,0
28,allocate_send_buffered,37,S32,0,switch,0,50921,73,0,0,28,103.31,2.27603,1.13801,0,0
28,allocate_send_buffered,37,S32,0,switch,0,50924,105,0,0,28,103.31,2.27603,1.13801,0,0
28,stage_arrival,12,S04,0,switch,6,50922,4,0,0,28,184.169,0,0,53.2427,0
28,stage_arrival,37,S32,0,switch,0,50924,105,0,0,28,103.31,0,0,51.655,0
28,stage_arrival,6,S02,0,switch,1,50922,4,0,0,28,138.732,0,0,53.2427,0
28,stage_arrival,0,S00,5,terminal,0,50924,105,0,0,28,1000,0,0,1.13801,0
28,stage_arrival,52,S30,2,switch,54,50924,105,0,0,28,164.752,0,0,51.655,0
28,stage_arrival,16,S11,0,switch,12,50922,4,0,0,28,200.84,0,0,53.2427,0
28,stage_arrival,0,S00,5,terminal,0,50925,43,0,0,28,1000,0,0,52.7377,0
28,stage_arrival,36,S18,0,switch,35,50921,73,0,0,28,247.316,0,0,51.655,0
28,stage_arrival,1,S01,0,switch,0,50927,23,0,0,28,159.728,0,0,53.2427,0
28,stage_arrival,1,S01,0,switch,0,50925,43,0,0,28,159.728,0,0,53.2427,0
28,stage_arrival,0,S00,5,terminal,0,50927,23,0,0,28,1000,0,0,52.7377,0
28,stage_arrival,2,S10,1,switch,16,50922,4,0,0,28,243.793,0,0,53.2427,0
28,stage_arrival,0,S00,5,terminal,0,50921,73,0,0,28,1000,0,0,50.517,0
28,stage_arrival,54,S31,1,switch,37,50924,105,0,0,28,242.335,0,0,51.655,0
28,stage_arrival,35,S17,2,switch,37,50921,73,0,0,28,246.878,0,0,51.655,0
28,stage_arrival,1,S01,0,switch,0,50922,4,0,0,28,159.728,0,0,53.2427,0
28,stage_arrival,0,S00,5,terminal,0,50922,4,0,0,28,1000,0,0,52.7377,0
28,stage_arrival,21,S53,2,switch,8,50925,43,0,0,28,135.597,0,0,53.2427,0
28,stage_arrival,6,S02,0,switch,1,50927,23,0,0,28,138.732,0,0,53.2427,0
28,stage_arrival,8,S52,0,switch,1,50925,43,0,0,28,255.562,0,0,53.2427,0
28,stage_arrival,11,S03,0,switch,6,50927,23,0,0,28,132.338,0,0,53.2427,0
28,stage_arrival_coalesce,0,S00,5,terminal,0,50927,23,0,0,28,1000,0,0,53.2427,0
28,stage_arrival_coalesce,0,S00,5,terminal,0,50921,73,0,0,28,1000,0,0,51.655,0
28,stage_arrival_coalesce,0,S00,5,terminal,0,50924,105,0,0,28,1000,0,0,51.655,0
28,stage_arrival_coalesce,0,S00,5,terminal,0,50925,43,0,0,28,1000,0,0,53.2427,0
28,stage_arrival,37,S32,0,switch,0,50921,73,0,0,28,103.31,0,0,51.655,0
28,stage_arrival_coalesce,0,S00,5,terminal,0,50922,4,0,0,28,1000,0,0,53.2427,0
28,allocate_send_arrival,37,S32,0,switch,0,50924,105,0,0,28,103.31,0,50.517,1.13801,0
28,enqueue_residual,37,S32,0,switch,0,50924,105,0,0,28,103.31,0,0,1.13801,0
28,allocate_send_arrival,37,S32,0,switch,0,50921,73,0,0,28,103.31,0,50.517,1.13801,0
28,enqueue_residual,37,S32,0,switch,0,50921,73,0,0,28,103.31,0,0,1.13801,0
28,allocate_send_arrival,8,S52,0,switch,1,50925,43,0,0,28,255.562,0,53.2427,0,0
28,allocate_send_arrival,6,S02,0,switch,1,50922,4,0,0,28,138.732,0,53.2427,0,0
28,allocate_send_arrival,6,S02,0,switch,1,50927,23,0,0,28,138.732,0,53.2427,8.00355e-14,0
28,allocate_send_arrival,11,S03,0,switch,6,50927,23,0,0,28,132.338,0,53.2427,0,0
28,allocate_send_arrival,0,S00,5,terminal,0,50924,105,0,0,28,1000,0,51.655,0,0
28,allocate_send_arrival,0,S00,5,terminal,0,50925,43,0,0,28,1000,0,53.2427,7.27596e-15,0
28,allocate_send_arrival,0,S00,5,terminal,0,50927,23,0,0,28,1000,0,53.2427,7.27596e-15,0
28,allocate_send_arrival,0,S00,5,terminal,0,50921,73,0,0,28,1000,0,51.655,0,0
28,allocate_send_arrival,0,S00,5,terminal,0,50922,4,0,0,28,1000,0,53.2427,7.27596e-15,0
28,allocate_send_arrival,2,S10,1,switch,16,50922,4,0,0,28,243.793,0,53.2427,0,0
28,allocate_send_arrival,54,S31,1,switch,37,50924,105,0,0,28,242.335,0,51.655,0,0
28,allocate_send_arrival,52,S30,2,switch,54,50924,105,0,0,28,164.752,0,51.655,0,0
28,allocate_send_arrival,21,S53,2,switch,8,50925,43,0,0,28,135.597,0,53.2427,0,0
28,allocate_send_arrival,35,S17,2,switch,37,50921,73,0,0,28,246.878,0,51.655,0,0
28,allocate_send_arrival,36,S18,0,switch,35,50921,73,0,0,28,247.316,0,51.655,0,0
28,allocate_send_arrival,12,S04,0,switch,6,50922,4,0,0,28,184.169,0,53.2427,0,0
28,allocate_send_arrival,16,S11,0,switch,12,50922,4,0,0,28,200.84,0,53.2427,0,0
28,allocate_send_arrival,1,S01,0,switch,0,50927,23,0,0,28,159.728,0,52.7377,0.504937,0
28,enqueue_residual,1,S01,0,switch,0,50927,23,0,0,28,159.728,0,0,0.504937,0
28,allocate_send_arrival,1,S01,0,switch,0,50925,43,0,0,28,159.728,0,52.7377,0.504937,0
28,enqueue_residual,1,S01,0,switch,0,50925,43,0,0,28,159.728,0,0,0.504937,0
28,allocate_send_arrival,1,S01,0,switch,0,50922,4,0,0,28,159.728,0,52.7377,0.504937,0
28,enqueue_residual,1,S01,0,switch,0,50922,4,0,0,28,159.728,0,0,0.504937,0
29,allocate_send_buffered,1,S01,0,switch,0,50927,23,0,0,29,159.728,1.51481,0.504937,0,0
29,allocate_send_buffered,1,S01,0,switch,0,50925,43,0,0,29,159.728,1.51481,0.504937,0,0
29,allocate_send_buffered,1,S01,0,switch,0,50922,4,0,0,29,159.728,1.51481,0.504937,5.3376e-14,0
29,allocate_send_buffered,37,S32,0,switch,0,50924,105,0,0,29,103.31,2.27603,1.13801,0,0
29,allocate_send_buffered,37,S32,0,switch,0,50921,73,0,0,29,103.31,2.27603,1.13801,0,0
29,stage_arrival,54,S31,1,switch,37,50924,105,0,0,29,242.335,0,0,51.655,0
29,stage_arrival,21,S53,2,switch,8,50925,43,0,0,29,135.597,0,0,53.2427,0
29,stage_arrival,0,S00,5,terminal,0,50922,4,0,0,29,1000,0,0,0.504937,0
29,stage_arrival,1,S01,0,switch,0,50925,43,0,0,29,159.728,0,0,53.2427,0
29,stage_arrival,0,S00,5,terminal,0,50921,73,0,0,29,1000,0,0,1.13801,0
29,stage_arrival,11,S03,0,switch,6,50927,23,0,0,29,132.338,0,0,53.2427,0
29,stage_arrival,16,S11,0,switch,12,50922,4,0,0,29,200.84,0,0,53.2427,0
29,stage_arrival,52,S30,2,switch,54,50924,105,0,0,29,164.752,0,0,51.655,0
29,stage_arrival,35,S17,2,switch,37,50921,73,0,0,29,246.878,0,0,51.655,0
29,stage_arrival,6,S02,0,switch,1,50927,23,0,0,29,138.732,0,0,53.2427,0
29,stage_arrival,0,S00,5,terminal,0,50925,43,0,0,29,1000,0,0,52.7377,0
29,stage_arrival,36,S18,0,switch,35,50921,73,0,0,29,247.316,0,0,51.655,0
29,stage_arrival,0,S00,5,terminal,0,50924,105,0,0,29,1000,0,0,50.517,0
29,stage_arrival,6,S02,0,switch,1,50922,4,0,0,29,138.732,0,0,53.2427,0
29,stage_arrival,2,S10,1,switch,16,50922,4,0,0,29,243.793,0,0,53.2427,0
29,stage_arrival,37,S32,0,switch,0,50924,105,0,0,29,103.31,0,0,51.655,0
29,stage_arrival_coalesce,0,S00,5,terminal,0,50922,4,0,0,29,1000,0,0,53.2427,0
29,stage_arrival,8,S52,0,switch,1,50925,43,0,0,29,255.562,0,0,53.2427,0
29,stage_arrival_coalesce,0,S00,5,terminal,0,50924,105,0,0,29,1000,0,0,51.655,0
29,stage_arrival,1,S01,0,switch,0,50927,23,0,0,29,159.728,0,0,53.2427,0
29,stage_arrival,1,S01,0,switch,0,50922,4,0,0,29,159.728,0,0,53.2427,0
29,stage_arrival,12,S04,0,switch,6,50922,4,0,0,29,184.169,0,0,53.2427,0
29,stage_arrival,0,S00,5,terminal,0,50927,23,0,0,29,1000,0,0,0.504937,0
29,stage_arrival,37,S32,0,switch,0,50921,73,0,0,29,103.31,0,0,51.655,0
29,stage_arrival_coalesce,0,S00,5,terminal,0,50927,23,0,0,29,1000,0,0,53.2427,0
29,stage_arrival_coalesce,0,S00,5,terminal,0,50925,43,0,0,29,1000,0,0,53.2427,0
29,stage_arrival_coalesce,0,S00,5,terminal,0,50921,73,0,0,29,1000,0,0,51.655,0
29,allocate_send_arrival,16,S11,0,switch,12,50922,4,0,0,29,200.84,0,53.2427,0,0
29,allocate_send_arrival,8,S52,0,switch,1,50925,43,0,0,29,255.562,0,53.2427,0,0
29,allocate_send_arrival,52,S30,2,switch,54,50924,105,0,0,29,164.752,0,51.655,0,0
29,allocate_send_arrival,12,S04,0,switch,6,50922,4,0,0,29,184.169,0,53.2427,0,0
29,allocate_send_arrival,36,S18,0,switch,35,50921,73,0,0,29,247.316,0,51.655,0,0
29,allocate_send_arrival,54,S31,1,switch,37,50924,105,0,0,29,242.335,0,51.655,0,0
29,allocate_send_arrival,0,S00,5,terminal,0,50922,4,0,0,29,1000,0,53.2427,7.27596e-15,0
29,allocate_send_arrival,0,S00,5,terminal,0,50921,73,0,0,29,1000,0,51.655,0,0
29,allocate_send_arrival,0,S00,5,terminal,0,50925,43,0,0,29,1000,0,53.2427,7.27596e-15,0
29,allocate_send_arrival,0,S00,5,terminal,0,50924,105,0,0,29,1000,0,51.655,0,0
29,allocate_send_arrival,0,S00,5,terminal,0,50927,23,0,0,29,1000,0,53.2427,7.27596e-15,0
29,allocate_send_arrival,11,S03,0,switch,6,50927,23,0,0,29,132.338,0,53.2427,0,0
29,allocate_send_arrival,21,S53,2,switch,8,50925,43,0,0,29,135.597,0,53.2427,0,0
29,allocate_send_arrival,6,S02,0,switch,1,50927,23,0,0,29,138.732,0,53.2427,8.00355e-14,0
29,allocate_send_arrival,6,S02,0,switch,1,50922,4,0,0,29,138.732,0,53.2427,0,0
29,allocate_send_arrival,35,S17,2,switch,37,50921,73,0,0,29,246.878,0,51.655,0,0
29,allocate_send_arrival,37,S32,0,switch,0,50924,105,0,0,29,103.31,0,50.517,1.13801,0
29,enqueue_residual,37,S32,0,switch,0,50924,105,0,0,29,103.31,0,0,1.13801,0
29,allocate_send_arrival,37,S32,0,switch,0,50921,73,0,0,29,103.31,0,50.517,1.13801,0
29,enqueue_residual,37,S32,0,switch,0,50921,73,0,0,29,103.31,0,0,1.13801,0
29,allocate_send_arrival,2,S10,1,switch,16,50922,4,0,0,29,243.793,0,53.2427,0,0
29,allocate_send_arrival,1,S01,0,switch,0,50925,43,0,0,29,159.728,0,52.7377,0.504937,0
29,enqueue_residual,1,S01,0,switch,0,50925,43,0,0,29,159.728,0,0,0.504937,0
29,allocate_send_arrival,1,S01,0,switch,0,50927,23,0,0,29,159.728,0,52.7377,0.504937,0
29,enqueue_residual,1,S01,0,switch,0,50927,23,0,0,29,159.728,0,0,0.504937,0
29,allocate_send_arrival,1,S01,0,switch,0,50922,4,0,0,29,159.728,0,52.7377,0.504937,0
29,enqueue_residual,1,S01,0,switch,0,50922,4,0,0,29,159.728,0,0,0.504937,0
30,allocate_send_buffered,37,S32,0,switch,0,50924,105,0,0,30,103.31,2.27603,1.13801,0,0
30,allocate_send_buffered,37,S32,0,switch,0,50921,73,0,0,30,103.31,2.27603,1.13801,0,0
30,allocate_send_buffered,1,S01,0,switch,0,50925,43,0,0,30,159.728,1.51481,0.504937,8.00355e-14,0
30,allocate_send_buffered,1,S01,0,switch,0,50927,23,0,0,30,159.728,1.51481,0.504937,0,0
30,allocate_send_buffered,1,S01,0,switch,0,50922,4,0,0,30,159.728,1.51481,0.504937,0,0
30,stage_arrival,0,S00,5,terminal,0,50922,4,0,0,30,1000,0,0,0.504937,0
30,stage_arrival,1,S01,0,switch,0,50925,43,0,0,30,159.728,0,0,53.2427,0
30,stage_arrival,6,S02,0,switch,1,50927,23,0,0,30,138.732,0,0,53.2427,0
30,stage_arrival,8,S52,0,switch,1,50925,43,0,0,30,255.562,0,0,53.2427,0
30,stage_arrival,0,S00,5,terminal,0,50925,43,0,0,30,1000,0,0,52.7377,0
30,stage_arrival,37,S32,0,switch,0,50924,105,0,0,30,103.31,0,0,51.655,0
30,stage_arrival,12,S04,0,switch,6,50922,4,0,0,30,184.169,0,0,53.2427,0
30,stage_arrival,0,S00,5,terminal,0,50921,73,0,0,30,1000,0,0,50.517,0
30,stage_arrival,1,S01,0,switch,0,50922,4,0,0,30,159.728,0,0,53.2427,0
30,stage_arrival_coalesce,0,S00,5,terminal,0,50921,73,0,0,30,1000,0,0,51.655,0
30,stage_arrival,35,S17,2,switch,37,50921,73,0,0,30,246.878,0,0,51.655,0
30,stage_arrival,1,S01,0,switch,0,50927,23,0,0,30,159.728,0,0,53.2427,0
30,stage_arrival,0,S00,5,terminal,0,50924,105,0,0,30,1000,0,0,50.517,0
30,stage_arrival,54,S31,1,switch,37,50924,105,0,0,30,242.335,0,0,51.655,0
30,stage_arrival_coalesce,0,S00,5,terminal,0,50925,43,0,0,30,1000,0,0,53.2427,0
30,stage_arrival,52,S30,2,switch,54,50924,105,0,0,30,164.752,0,0,51.655,0
30,stage_arrival,0,S00,5,terminal,0,50927,23,0,0,30,1000,0,0,52.7377,0
30,stage_arrival,2,S10,1,switch,16,50922,4,0,0,30,243.793,0,0,53.2427,0
30,stage_arrival,16,S11,0,switch,12,50922,4,0,0,30,200.84,0,0,53.2427,0
30,stage_arrival,21,S53,2,switch,8,50925,43,0,0,30,135.597,0,0,53.2427,0
30,stage_arrival,37,S32,0,switch,0,50921,73,0,0,30,103.31,0,0,51.655,0
30,stage_arrival_coalesce,0,S00,5,terminal,0,50922,4,0,0,30,1000,0,0,53.2427,0
30,stage_arrival,11,S03,0,switch,6,50927,23,0,0,30,132.338,0,0,53.2427,0
30,stage_arrival,36,S18,0,switch,35,50921,73,0,0,30,247.316,0,0,51.655,0
30,stage_arrival_coalesce,0,S00,5,terminal,0,50924,105,0,0,30,1000,0,0,51.655,0
30,stage_arrival_coalesce,0,S00,5,terminal,0,50927,23,0,0,30,1000,0,0,53.2427,0
30,stage_arrival,6,S02,0,switch,1,50922,4,0,0,30,138.732,0,0,53.2427,0
30,allocate_send_arrival,1,S01,0,switch,0,50925,43,0,0,30,159.728,0,52.7377,0.504937,0
30,enqueue_residual,1,S01,0,switch,0,50925,43,0,0,30,159.728,0,0,0.504937,0
30,allocate_send_arrival,1,S01,0,switch,0,50922,4,0,0,30,159.728,0,52.7377,0.504937,0
30,enqueue_residual,1,S01,0,switch,0,50922,4,0,0,30,159.728,0,0,0.504937,0
30,allocate_send_arrival,1,S01,0,switch,0,50927,23,0,0,30,159.728,0,52.7377,0.504937,0
30,enqueue_residual,1,S01,0,switch,0,50927,23,0,0,30,159.728,0,0,0.504937,0
30,allocate_send_arrival,35,S17,2,switch,37,50921,73,0,0,30,246.878,0,51.655,0,0
30,allocate_send_arrival,12,S04,0,switch,6,50922,4,0,0,30,184.169,0,53.2427,0,0
30,allocate_send_arrival,52,S30,2,switch,54,50924,105,0,0,30,164.752,0,51.655,0,0
30,allocate_send_arrival,37,S32,0,switch,0,50924,105,0,0,30,103.31,0,50.517,1.13801,0
30,enqueue_residual,37,S32,0,switch,0,50924,105,0,0,30,103.31,0,0,1.13801,0
30,allocate_send_arrival,37,S32,0,switch,0,50921,73,0,0,30,103.31,0,50.517,1.13801,0
30,enqueue_residual,37,S32,0,switch,0,50921,73,0,0,30,103.31,0,0,1.13801,0
30,allocate_send_arrival,0,S00,5,terminal,0,50922,4,0,0,30,1000,0,53.2427,0,0
30,allocate_send_arrival,0,S00,5,terminal,0,50925,43,0,0,30,1000,0,53.2427,0,0
30,allocate_send_arrival,0,S00,5,terminal,0,50921,73,0,0,30,1000,0,51.655,0,0
30,allocate_send_arrival,0,S00,5,terminal,0,50924,105,0,0,30,1000,0,51.655,0,0
30,allocate_send_arrival,0,S00,5,terminal,0,50927,23,0,0,30,1000,0,53.2427,0,0
30,allocate_send_arrival,8,S52,0,switch,1,50925,43,0,0,30,255.562,0,53.2427,0,0
30,allocate_send_arrival,16,S11,0,switch,12,50922,4,0,0,30,200.84,0,53.2427,0,0
30,allocate_send_arrival,11,S03,0,switch,6,50927,23,0,0,30,132.338,0,53.2427,0,0
30,allocate_send_arrival,54,S31,1,switch,37,50924,105,0,0,30,242.335,0,51.655,0,0
30,allocate_send_arrival,21,S53,2,switch,8,50925,43,0,0,30,135.597,0,53.2427,0,0
30,allocate_send_arrival,2,S10,1,switch,16,50922,4,0,0,30,243.793,0,53.2427,0,0
30,allocate_send_arrival,6,S02,0,switch,1,50927,23,0,0,30,138.732,0,53.2427,0,0
30,allocate_send_arrival,6,S02,0,switch,1,50922,4,0,0,30,138.732,0,53.2427,8.00355e-14,0
30,allocate_send_arrival,36,S18,0,switch,35,50921,73,0,0,30,247.316,0,51.655,0,0
31,allocate_send_buffered,1,S01,0,switch,0,50925,43,0,0,31,159.728,1.51481,0.504937,8.00355e-14,0
31,allocate_send_buffered,1,S01,0,switch,0,50922,4,0,0,31,159.728,1.51481,0.504937,0,0
31,allocate_send_buffered,1,S01,0,switch,0,50927,23,0,0,31,159.728,1.51481,0.504937,0,0
31,allocate_send_buffered,37,S32,0,switch,0,50924,105,0,0,31,103.31,2.27603,1.13801,0,0
31,allocate_send_buffered,37,S32,0,switch,0,50921,73,0,0,31,103.31,2.27603,1.13801,0,0
31,stage_arrival,6,S02,0,switch,1,50922,4,0,0,31,138.732,0,0,53.2427,0
31,stage_arrival,0,S00,5,terminal,0,50927,23,0,0,31,1000,0,0,0.504937,0
31,stage_arrival,0,S00,5,terminal,0,50924,105,0,0,31,1000,0,0,1.13801,0
31,stage_arrival,36,S18,0,switch,35,50921,73,0,0,31,247.316,0,0,51.655,0
31,stage_arrival,37,S32,0,switch,0,50921,73,0,0,31,103.31,0,0,51.655,0
31,stage_arrival,2,S10,1,switch,16,50922,4,0,0,31,243.793,0,0,53.2427,0
31,stage_arrival,1,S01,0,switch,0,50927,23,0,0,31,159.728,0,0,53.2427,0
31,stage_arrival,0,S00,5,terminal,0,50925,43,0,0,31,1000,0,0,0.504937,0
31,stage_arrival,8,S52,0,switch,1,50925,43,0,0,31,255.562,0,0,53.2427,0
31,stage_arrival,0,S00,5,terminal,0,50921,73,0,0,31,1000,0,0,50.517,0
31,stage_arrival,52,S30,2,switch,54,50924,105,0,0,31,164.752,0,0,51.655,0
31,stage_arrival,6,S02,0,switch,1,50927,23,0,0,31,138.732,0,0,53.2427,0
31,stage_arrival,54,S31,1,switch,37,50924,105,0,0,31,242.335,0,0,51.655,0
31,stage_arrival,1,S01,0,switch,0,50922,4,0,0,31,159.728,0,0,53.2427,0
31,stage_arrival,0,S00,5,terminal,0,50922,4,0,0,31,1000,0,0,0.504937,0
31,stage_arrival,1,S01,0,switch,0,50925,43,0,0,31,159.728,0,0,53.2427,0
31,stage_arrival,35,S17,2,switch,37,50921,73,0,0,31,246.878,0,0,51.655,0
31,stage_arrival_coalesce,0,S00,5,terminal,0,50925,43,0,0,31,1000,0,0,53.2427,0
31,stage_arrival,16,S11,0,switch,12,50922,4,0,0,31,200.84,0,0,53.2427,0
31,stage_arrival_coalesce,0,S00,5,terminal,0,50921,73,0,0,31,1000,0,0,51.655,0
31,stage_arrival,37,S32,0,switch,0,50924,105,0,0,31,103.31,0,0,51.655,0
31,stage_arrival_coalesce,0,S00,5,terminal,0,50924,105,0,0,31,1000,0,0,51.655,0
31,stage_arrival_coalesce,0,S00,5,terminal,0,50927,23,0,0,31,1000,0,0,53.2427,0
31,stage_arrival,21,S53,2,switch,8,50925,43,0,0,31,135.597,0,0,53.2427,0
31,stage_arrival_coalesce,0,S00,5,terminal,0,50922,4,0,0,31,1000,0,0,53.2427,0
31,stage_arrival,12,S04,0,switch,6,50922,4,0,0,31,184.169,0,0,53.2427,0
31,stage_arrival,11,S03,0,switch,6,50927,23,0,0,31,132.338,0,0,53.2427,0
31,allocate_send_arrival,12,S04,0,switch,6,50922,4,0,0,31,184.169,0,53.2427,0,0
31,allocate_send_arrival,37,S32,0,switch,0,50921,73,0,0,31,103.31,0,50.517,1.13801,0
31,enqueue_residual,37,S32,0,switch,0,50921,73,0,0,31,103.31,0,0,1.13801,0
31,allocate_send_arrival,37,S32,0,switch,0,50924,105,0,0,31,103.31,0,50.517,1.13801,0
31,enqueue_residual,37,S32,0,switch,0,50924,105,0,0,31,103.31,0,0,1.13801,0
31,allocate_send_arrival,16,S11,0,switch,12,50922,4,0,0,31,200.84,0,53.2427,0,0
31,allocate_send_arrival,54,S31,1,switch,37,50924,105,0,0,31,242.335,0,51.655,0,0
31,allocate_send_arrival,0,S00,5,terminal,0,50927,23,0,0,31,1000,0,53.2427,3.63798e-14,0
31,allocate_send_arrival,0,S00,5,terminal,0,50924,105,0,0,31,1000,0,51.655,0,0
31,allocate_send_arrival,0,S00,5,terminal,0,50925,43,0,0,31,1000,0,53.2427,3.63798e-14,0
31,allocate_send_arrival,0,S00,5,terminal,0,50921,73,0,0,31,1000,0,51.655,0,0
31,allocate_send_arrival,0,S00,5,terminal,0,50922,4,0,0,31,1000,0,53.2427,0,0
31,allocate_send_arrival,6,S02,0,switch,1,50922,4,0,0,31,138.732,0,53.2427,0,0
31,allocate_send_arrival,6,S02,0,switch,1,50927,23,0,0,31,138.732,0,53.2427,0,0
31,allocate_send_arrival,52,S30,2,switch,54,50924,105,0,0,31,164.752,0,51.655,0,0
31,allocate_send_arrival,36,S18,0,switch,35,50921,73,0,0,31,247.316,0,51.655,0,0
31,allocate_send_arrival,2,S10,1,switch,16,50922,4,0,0,31,243.793,0,53.2427,0,0
31,allocate_send_arrival,21,S53,2,switch,8,50925,43,0,0,31,135.597,0,53.2427,0,0
31,allocate_send_arrival,11,S03,0,switch,6,50927,23,0,0,31,132.338,0,53.2427,0,0
31,allocate_send_arrival,35,S17,2,switch,37,50921,73,0,0,31,246.878,0,51.655,0,0
31,allocate_send_arrival,8,S52,0,switch,1,50925,43,0,0,31,255.562,0,53.2427,0,0
31,allocate_send_arrival,1,S01,0,switch,0,50927,23,0,0,31,159.728,0,52.7377,0.504937,0
31,enqueue_residual,1,S01,0,switch,0,50927,23,0,0,31,159.728,0,0,0.504937,0
31,allocate_send_arrival,1,S01,0,switch,0,50922,4,0,0,31,159.728,0,52.7377,0.504937,0
31,enqueue_residual,1,S01,0,switch,0,50922,4,0,0,31,159.728,0,0,0.504937,0
31,allocate_send_arrival,1,S01,0,switch,0,50925,43,0,0,31,159.728,0,52.7377,0.504937,0
31,enqueue_residual,1,S01,0,switch,0,50925,43,0,0,31,159.728,0,0,0.504937,0
32,allocate_send_buffered,1,S01,0,switch,0,50927,23,0,0,32,159.728,1.51481,0.504937,0,0
32,allocate_send_buffered,1,S01,0,switch,0,50922,4,0,0,32,159.728,1.51481,0.504937,5.3376e-14,0
32,allocate_send_buffered,1,S01,0,switch,0,50925,43,0,0,32,159.728,1.51481,0.504937,0,0
32,allocate_send_buffered,37,S32,0,switch,0,50921,73,0,0,32,103.31,2.27603,1.13801,0,0
32,allocate_send_buffered,37,S32,0,switch,0,50924,105,0,0,32,103.31,2.27603,1.13801,0,0
32,stage_arrival,12,S04,0,switch,6,50922,4,0,0,32,184.169,0,0,53.2427,0
32,stage_arrival,0,S00,5,terminal,0,50927,23,0,0,32,1000,0,0,0.504937,0
32,stage_arrival,11,S03,0,switch,6,50927,23,0,0,32,132.338,0,0,53.2427,0
32,stage_arrival,52,S30,2,switch,54,50924,105,0,0,32,164.752,0,0,51.655,0
32,stage_arrival,21,S53,2,switch,8,50925,43,0,0,32,135.597,0,0,53.2427,0
32,stage_arrival,6,S02,0,switch,1,50922,4,0,0,32,138.732,0,0,53.2427,0
32,stage_arrival,1,S01,0,switch,0,50925,43,0,0,32,159.728,0,0,53.2427,0
32,stage_arrival,1,S01,0,switch,0,50927,23,0,0,32,159.728,0,0,53.2427,0
32,stage_arrival,6,S02,0,switch,1,50927,23,0,0,32,138.732,0,0,53.2427,0
32,stage_arrival,37,S32,0,switch,0,50921,73,0,0,32,103.31,0,0,51.655,0
32,stage_arrival_coalesce,0,S00,5,terminal,0,50927,23,0,0,32,1000,0,0,53.2427,0
32,stage_arrival,0,S00,5,terminal,0,50924,105,0,0,32,1000,0,0,50.517,0
32,stage_arrival,54,S31,1,switch,37,50924,105,0,0,32,242.335,0,0,51.655,0
32,stage_arrival,16,S11,0,switch,12,50922,4,0,0,32,200.84,0,0,53.2427,0
32,stage_arrival_coalesce,0,S00,5,terminal,0,50924,105,0,0,32,1000,0,0,51.655,0
32,stage_arrival,0,S00,5,terminal,0,50922,4,0,0,32,1000,0,0,0.504937,0
32,stage_arrival,0,S00,5,terminal,0,50921,73,0,0,32,1000,0,0,50.517,0
32,stage_arrival,0,S00,5,terminal,0,50925,43,0,0,32,1000,0,0,0.504937,0
32,stage_arrival,36,S18,0,switch,35,50921,73,0,0,32,247.316,0,0,51.655,0
32,stage_arrival_coalesce,0,S00,5,terminal,0,50921,73,0,0,32,1000,0,0,51.655,0
32,stage_arrival,8,S52,0,switch,1,50925,43,0,0,32,255.562,0,0,53.2427,0
32,stage_arrival_coalesce,0,S00,5,terminal,0,50922,4,0,0,32,1000,0,0,53.2427,0
32,stage_arrival_coalesce,0,S00,5,terminal,0,50925,43,0,0,32,1000,0,0,53.2427,0
32,stage_arrival,1,S01,0,switch,0,50922,4,0,0,32,159.728,0,0,53.2427,0
32,stage_arrival,37,S32,0,switch,0,50924,105,0,0,32,103.31,0,0,51.655,0
32,stage_arrival,35,S17,2,switch,37,50921,73,0,0,32,246.878,0,0,51.655,0
32,stage_arrival,2,S10,1,switch,16,50922,4,0,0,32,243.793,0,0,53.2427,0
32,allocate_send_arrival,0,S00,5,terminal,0,50927,23,0,0,32,1000,0,53.2427,3.63798e-14,0
32,allocate_send_arrival,0,S00,5,terminal,0,50924,105,0,0,32,1000,0,51.655,0,0
32,allocate_send_arrival,0,S00,5,terminal,0,50922,4,0,0,32,1000,0,53.2427,0,0
32,allocate_send_arrival,0,S00,5,terminal,0,50921,73,0,0,32,1000,0,51.655,0,0
32,allocate_send_arrival,0,S00,5,terminal,0,50925,43,0,0,32,1000,0,53.2427,3.63798e-14,0
32,allocate_send_arrival,36,S18,0,switch,35,50921,73,0,0,32,247.316,0,51.655,0,0
32,allocate_send_arrival,8,S52,0,switch,1,50925,43,0,0,32,255.562,0,53.2427,0,0
32,allocate_send_arrival,6,S02,0,switch,1,50922,4,0,0,32,138.732,0,53.2427,0,0
32,allocate_send_arrival,6,S02,0,switch,1,50927,23,0,0,32,138.732,0,53.2427,0,0
32,allocate_send_arrival,2,S10,1,switch,16,50922,4,0,0,32,243.793,0,53.2427,0,0
32,allocate_send_arrival,16,S11,0,switch,12,50922,4,0,0,32,200.84,0,53.2427,0,0
32,allocate_send_arrival,35,S17,2,switch,37,50921,73,0,0,32,246.878,0,51.655,0,0
32,allocate_send_arrival,21,S53,2,switch,8,50925,43,0,0,32,135.597,0,53.2427,0,0
32,allocate_send_arrival,54,S31,1,switch,37,50924,105,0,0,32,242.335,0,51.655,0,0
32,allocate_send_arrival,1,S01,0,switch,0,50925,43,0,0,32,159.728,0,52.7377,0.504937,0
32,enqueue_residual,1,S01,0,switch,0,50925,43,0,0,32,159.728,0,0,0.504937,0
32,allocate_send_arrival,1,S01,0,switch,0,50927,23,0,0,32,159.728,0,52.7377,0.504937,0
32,enqueue_residual,1,S01,0,switch,0,50927,23,0,0,32,159.728,0,0,0.504937,0
32,allocate_send_arrival,1,S01,0,switch,0,50922,4,0,0,32,159.728,0,52.7377,0.504937,0
32,enqueue_residual,1,S01,0,switch,0,50922,4,0,0,32,159.728,0,0,0.504937,0
32,allocate_send_arrival,12,S04,0,switch,6,50922,4,0,0,32,184.169,0,53.2427,0,0
32,allocate_send_arrival,11,S03,0,switch,6,50927,23,0,0,32,132.338,0,53.2427,0,0
32,allocate_send_arrival,52,S30,2,switch,54,50924,105,0,0,32,164.752,0,51.655,0,0
32,allocate_send_arrival,37,S32,0,switch,0,50921,73,0,0,32,103.31,0,50.517,1.13801,0
32,enqueue_residual,37,S32,0,switch,0,50921,73,0,0,32,103.31,0,0,1.13801,0
32,allocate_send_arrival,37,S32,0,switch,0,50924,105,0,0,32,103.31,0,50.517,1.13801,0
32,enqueue_residual,37,S32,0,switch,0,50924,105,0,0,32,103.31,0,0,1.13801,0
33,allocate_send_buffered,37,S32,0,switch,0,50921,73,0,0,33,103.31,2.27603,1.13801,0,0
33,allocate_send_buffered,37,S32,0,switch,0,50924,105,0,0,33,103.31,2.27603,1.13801,0,0
33,allocate_send_buffered,1,S01,0,switch,0,50925,43,0,0,33,159.728,1.51481,0.504937,0,0
33,allocate_send_buffered,1,S01,0,switch,0,50927,23,0,0,33,159.728,1.51481,0.504937,0,0
33,allocate_send_buffered,1,S01,0,switch,0,50922,4,0,0,33,159.728,1.51481,0.504937,0,0
33,stage_arrival,11,S03,0,switch,6,50927,23,0,0,33,132.338,0,0,53.2427,0
33,stage_arrival,52,S30,2,switch,54,50924,105,0,0,33,164.752,0,0,51.655,0
33,stage_arrival,0,S00,5,terminal,0,50921,73,0,0,33,1000,0,0,50.517,0
33,stage_arrival,2,S10,1,switch,16,50922,4,0,0,33,243.793,0,0,53.2427,0
33,stage_arrival,0,S00,5,terminal,0,50924,105,0,0,33,1000,0,0,50.517,0
33,stage_arrival,1,S01,0,switch,0,50925,43,0,0,33,159.728,0,0,53.2427,0
33,stage_arrival,0,S00,5,terminal,0,50927,23,0,0,33,1000,0,0,52.7377,0
33,stage_arrival,0,S00,5,terminal,0,50922,4,0,0,33,1000,0,0,0.504937,0
33,stage_arrival_coalesce,0,S00,5,terminal,0,50922,4,0,0,33,1000,0,0,53.2427,0
33,stage_arrival,1,S01,0,switch,0,50927,23,0,0,33,159.728,0,0,53.2427,0
33,stage_arrival,0,S00,5,terminal,0,50925,43,0,0,33,1000,0,0,0.504937,0
33,stage_arrival,1,S01,0,switch,0,50922,4,0,0,33,159.728,0,0,53.2427,0
33,stage_arrival_coalesce,0,S00,5,terminal,0,50921,73,0,0,33,1000,0,0,51.655,0
33,stage_arrival,36,S18,0,switch,35,50921,73,0,0,33,247.316,0,0,51.655,0
33,stage_arrival,8,S52,0,switch,1,50925,43,0,0,33,255.562,0,0,53.2427,0
33,stage_arrival,16,S11,0,switch,12,50922,4,0,0,33,200.84,0,0,53.2427,0
33,stage_arrival,21,S53,2,switch,8,50925,43,0,0,33,135.597,0,0,53.2427,0
33,stage_arrival,54,S31,1,switch,37,50924,105,0,0,33,242.335,0,0,51.655,0
33,stage_arrival_coalesce,0,S00,5,terminal,0,50927,23,0,0,33,1000,0,0,53.2427,0
33,stage_arrival,6,S02,0,switch,1,50927,23,0,0,33,138.732,0,0,53.2427,0
33,stage_arrival_coalesce,0,S00,5,terminal,0,50924,105,0,0,33,1000,0,0,51.655,0
33,stage_arrival_coalesce,0,S00,5,terminal,0,50925,43,0,0,33,1000,0,0,53.2427,0
33,stage_arrival,37,S32,0,switch,0,50921,73,0,0,33,103.31,0,0,51.655,0
33,stage_arrival,12,S04,0,switch,6,50922,4,0,0,33,184.169,0,0,53.2427,0
33,stage_arrival,6,S02,0,switch,1,50922,4,0,0,33,138.732,0,0,53.2427,0
33,stage_arrival,37,S32,0,switch,0,50924,105,0,0,33,103.31,0,0,51.655,0
33,stage_arrival,35,S17,2,switch,37,50921,73,0,0,33,246.878,0,0,51.655,0
33,allocate_send_arrival,12,S04,0,switch,6,50922,4,0,0,33,184.169,0,53.2427,0,0
33,allocate_send_arrival,36,S18,0,switch,35,50921,73,0,0,33,247.316,0,51.655,0,0
33,allocate_send_arrival,8,S52,0,switch,1,50925,43,0,0,33,255.562,0,53.2427,0,0
33,allocate_send_arrival,2,S10,1,switch,16,50922,4,0,0,33,243.793,0,53.2427,0,0
33,allocate_send_arrival,1,S01,0,switch,0,50925,43,0,0,33,159.728,0,52.7377,0.504937,0
33,enqueue_residual,1,S01,0,switch,0,50925,43,0,0,33,159.728,0,0,0.504937,0
33,allocate_send_arrival,1,S01,0,switch,0,50927,23,0,0,33,159.728,0,52.7377,0.504937,0
33,enqueue_residual,1,S01,0,switch,0,50927,23,0,0,33,159.728,0,0,0.504937,0
33,allocate_send_arrival,1,S01,0,switch,0,50922,4,0,0,33,159.728,0,52.7377,0.504937,0
33,enqueue_residual,1,S01,0,switch,0,50922,4,0,0,33,159.728,0,0,0.504937,0
33,allocate_send_arrival,52,S30,2,switch,54,50924,105,0,0,33,164.752,0,51.655,0,0
33,allocate_send_arrival,16,S11,0,switch,12,50922,4,0,0,33,200.84,0,53.2427,0,0
33,allocate_send_arrival,35,S17,2,switch,37,50921,73,0,0,33,246.878,0,51.655,0,0
33,allocate_send_arrival,21,S53,2,switch,8,50925,43,0,0,33,135.597,0,53.2427,0,0
33,allocate_send_arrival,0,S00,5,terminal,0,50921,73,0,0,33,1000,0,51.655,0,0
33,allocate_send_arrival,0,S00,5,terminal,0,50924,105,0,0,33,1000,0,51.655,0,0
33,allocate_send_arrival,0,S00,5,terminal,0,50927,23,0,0,33,1000,0,53.2427,7.27596e-15,0
33,allocate_send_arrival,0,S00,5,terminal,0,50922,4,0,0,33,1000,0,53.2427,3.63798e-14,0
33,allocate_send_arrival,0,S00,5,terminal,0,50925,43,0,0,33,1000,0,53.2427,7.27596e-15,0
33,allocate_send_arrival,6,S02,0,switch,1,50927,23,0,0,33,138.732,0,53.2427,0,0
33,allocate_send_arrival,6,S02,0,switch,1,50922,4,0,0,33,138.732,0,53.2427,0,0
33,allocate_send_arrival,11,S03,0,switch,6,50927,23,0,0,33,132.338,0,53.2427,0,0
33,allocate_send_arrival,54,S31,1,switch,37,50924,105,0,0,33,242.335,0,51.655,0,0
33,allocate_send_arrival,37,S32,0,switch,0,50921,73,0,0,33,103.31,0,50.517,1.13801,0
33,enqueue_residual,37,S32,0,switch,0,50921,73,0,0,33,103.31,0,0,1.13801,0
33,allocate_send_arrival,37,S32,0,switch,0,50924,105,0,0,33,103.31,0,50.517,1.13801,0
33,enqueue_residual,37,S32,0,switch,0,50924,105,0,0,33,103.31,0,0,1.13801,0
34,allocate_send_buffered,37,S32,0,switch,0,50921,73,0,0,34,103.31,2.27603,1.13801,0,0
34,allocate_send_buffered,37,S32,0,switch,0,50924,105,0,0,34,103.31,2.27603,1.13801,0,0
34,allocate_send_buffered,1,S01,0,switch,0,50925,43,0,0,34,159.728,1.51481,0.504937,0,0
34,allocate_send_buffered,1,S01,0,switch,0,50927,23,0,0,34,159.728,1.51481,0.504937,0,0
34,allocate_send_buffered,1,S01,0,switch,0,50922,4,0,0,34,159.728,1.51481,0.504937,0,0
34,stage_arrival,6,S02,0,switch,1,50922,4,0,0,34,138.732,0,0,53.2427,0
34,stage_arrival,0,S00,5,terminal,0,50924,105,0,0,34,1000,0,0,1.13801,0
34,stage_arrival,21,S53,2,switch,8,50925,43,0,0,34,135.597,0,0,53.2427,0
34,stage_arrival,35,S17,2,switch,37,50921,73,0,0,34,246.878,0,0,51.655,0
34,stage_arrival,6,S02,0,switch,1,50927,23,0,0,34,138.732,0,0,53.2427,0
34,stage_arrival,16,S11,0,switch,12,50922,4,0,0,34,200.84,0,0,53.2427,0
34,stage_arrival,37,S32,0,switch,0,50921,73,0,0,34,103.31,0,0,51.655,0
34,stage_arrival,0,S00,5,terminal,0,50927,23,0,0,34,1000,0,0,0.504937,0
34,stage_arrival,0,S00,5,terminal,0,50921,73,0,0,34,1000,0,0,50.517,0
34,stage_arrival,1,S01,0,switch,0,50922,4,0,0,34,159.728,0,0,53.2427,0
34,stage_arrival,1,S01,0,switch,0,50927,23,0,0,34,159.728,0,0,53.2427,0
34,stage_arrival,8,S52,0,switch,1,50925,43,0,0,34,255.562,0,0,53.2427,0
34,stage_arrival,52,S30,2,switch,54,50924,105,0,0,34,164.752,0,0,51.655,0
34,stage_arrival,36,S18,0,switch,35,50921,73,0,0,34,247.316,0,0,51.655,0
34,stage_arrival,37,S32,0,switch,0,50924,105,0,0,34,103.31,0,0,51.655,0
34,stage_arrival_coalesce,0,S00,5,terminal,0,50927,23,0,0,34,1000,0,0,53.2427,0
34,stage_arrival,0,S00,5,terminal,0,50925,43,0,0,34,1000,0,0,52.7377,0
34,stage_arrival,12,S04,0,switch,6,50922,4,0,0,34,184.169,0,0,53.2427,0
34,stage_arrival,0,S00,5,terminal,0,50922,4,0,0,34,1000,0,0,52.7377,0
34,stage_arrival,54,S31,1,switch,37,50924,105,0,0,34,242.335,0,0,51.655,0
34,stage_arrival_coalesce,0,S00,5,terminal,0,50921,73,0,0,34,1000,0,0,51.655,0
34,stage_arrival,11,S03,0,switch,6,50927,23,0,0,34,132.338,0,0,53.2427,0
34,stage_arrival_coalesce,0,S00,5,terminal,0,50924,105,0,0,34,1000,0,0,51.655,0
34,stage_arrival_coalesce,0,S00,5,terminal,0,50925,43,0,0,34,1000,0,0,53.2427,0
34,stage_arrival_coalesce,0,S00,5,terminal,0,50922,4,0,0,34,1000,0,0,53.2427,0
34,stage_arrival,1,S01,0,switch,0,50925,43,0,0,34,159.728,0,0,53.2427,0
34,stage_arrival,2,S10,1,switch,16,50922,4,0,0,34,243.793,0,0,53.2427,0
34,allocate_send_arrival,36,S18,0,switch,35,50921,73,0,0,34,247.316,0,51.655,0,0
34,allocate_send_arrival,1,S01,0,switch,0,50922,4,0,0,34,159.728,0,52.7377,0.504937,0
34,enqueue_residual,1,S01,0,switch,0,50922,4,0,0,34,159.728,0,0,0.504937,0
34,allocate_send_arrival,1,S01,0,switch,0,50927,23,0,0,34,159.728,0,52.7377,0.504937,0
34,enqueue_residual,1,S01,0,switch,0,50927,23,0,0,34,159.728,0,0,0.504937,0
34,allocate_send_arrival,1,S01,0,switch,0,50925,43,0,0,34,159.728,0,52.7377,0.504937,0
34,enqueue_residual,1,S01,0,switch,0,50925,43,0,0,34,159.728,0,0,0.504937,0
34,allocate_send_arrival,11,S03,0,switch,6,50927,23,0,0,34,132.338,0,53.2427,0,0
34,allocate_send_arrival,37,S32,0,switch,0,50921,73,0,0,34,103.31,0,50.517,1.13801,0
34,enqueue_residual,37,S32,0,switch,0,50921,73,0,0,34,103.31,0,0,1.13801,0
34,allocate_send_arrival,37,S32,0,switch,0,50924,105,0,0,34,103.31,0,50.517,1.13801,0
34,enqueue_residual,37,S32,0,switch,0,50924,105,0,0,34,103.31,0,0,1.13801,0
34,allocate_send_arrival,8,S52,0,switch,1,50925,43,0,0,34,255.562,0,53.2427,0,0
34,allocate_send_arrival,21,S53,2,switch,8,50925,43,0,0,34,135.597,0,53.2427,0,0
34,allocate_send_arrival,2,S10,1,switch,16,50922,4,0,0,34,243.793,0,53.2427,0,0
34,allocate_send_arrival,0,S00,5,terminal,0,50924,105,0,0,34,1000,0,51.655,0,0
34,allocate_send_arrival,0,S00,5,terminal,0,50927,23,0,0,34,1000,0,53.2427,7.27596e-15,0
34,allocate_send_arrival,0,S00,5,terminal,0,50921,73,0,0,34,1000,0,51.655,0,0
34,allocate_send_arrival,0,S00,5,terminal,0,50925,43,0,0,34,1000,0,53.2427,7.27596e-15,0
34,allocate_send_arrival,0,S00,5,terminal,0,50922,4,0,0,34,1000,0,53.2427,7.27596e-15,0
34,allocate_send_arrival,52,S30,2,switch,54,50924,105,0,0,34,164.752,0,51.655,0,0
34,allocate_send_arrival,6,S02,0,switch,1,50922,4,0,0,34,138.732,0,53.2427,0,0
34,allocate_send_arrival,6,S02,0,switch,1,50927,23,0,0,34,138.732,0,53.2427,0,0
34,allocate_send_arrival,54,S31,1,switch,37,50924,105,0,0,34,242.335,0,51.655,0,0
34,allocate_send_arrival,35,S17,2,switch,37,50921,73,0,0,34,246.878,0,51.655,0,0
34,allocate_send_arrival,16,S11,0,switch,12,50922,4,0,0,34,200.84,0,53.2427,0,0
34,allocate_send_arrival,12,S04,0,switch,6,50922,4,0,0,34,184.169,0,53.2427,0,0
35,allocate_send_buffered,37,S32,0,switch,0,50921,73,0,0,35,103.31,2.27603,1.13801,0,0
35,allocate_send_buffered,37,S32,0,switch,0,50924,105,0,0,35,103.31,2.27603,1.13801,0,0
35,allocate_send_buffered,1,S01,0,switch,0,50922,4,0,0,35,159.728,1.51481,0.504937,0,0
35,allocate_send_buffered,1,S01,0,switch,0,50927,23,0,0,35,159.728,1.51481,0.504937,0,0
35,allocate_send_buffered,1,S01,0,switch,0,50925,43,0,0,35,159.728,1.51481,0.504937,0,0
35,stage_arrival,11,S03,0,switch,6,50927,23,0,0,35,132.338,0,0,53.2427,0
35,stage_arrival,16,S11,0,switch,12,50922,4,0,0,35,200.84,0,0,53.2427,0
35,stage_arrival,37,S32,0,switch,0,50924,105,0,0,35,103.31,0,0,51.655,0
35,stage_arrival,0,S00,5,terminal,0,50922,4,0,0,35,1000,0,0,0.504937,0
35,stage_arrival,54,S31,1,switch,37,50924,105,0,0,35,242.335,0,0,51.655,0
35,stage_arrival,37,S32,0,switch,0,50921,73,0,0,35,103.31,0,0,51.655,0
35,stage_arrival,21,S53,2,switch,8,50925,43,0,0,35,135.597,0,0,53.2427,0
35,stage_arrival,0,S00,5,terminal,0,50925,43,0,0,35,1000,0,0,52.7377,0
35,stage_arrival,1,S01,0,switch,0,50922,4,0,0,35,159.728,0,0,53.2427,0
35,stage_arrival,0,S00,5,terminal,0,50927,23,0,0,35,1000,0,0,0.504937,0
35,stage_arrival,0,S00,5,terminal,0,50924,105,0,0,35,1000,0,0,50.517,0
35,stage_arrival,8,S52,0,switch,1,50925,43,0,0,35,255.562,0,0,53.2427,0
35,stage_arrival,2,S10,1,switch,16,50922,4,0,0,35,243.793,0,0,53.2427,0
35,stage_arrival,1,S01,0,switch,0,50925,43,0,0,35,159.728,0,0,53.2427,0
35,stage_arrival,52,S30,2,switch,54,50924,105,0,0,35,164.752,0,0,51.655,0
35,stage_arrival,12,S04,0,switch,6,50922,4,0,0,35,184.169,0,0,53.2427,0
35,stage_arrival_coalesce,0,S00,5,terminal,0,50925,43,0,0,35,1000,0,0,53.2427,0
35,stage_arrival,36,S18,0,switch,35,50921,73,0,0,35,247.316,0,0,51.655,0
35,stage_arrival,0,S00,5,terminal,0,50921,73,0,0,35,1000,0,0,1.13801,0
35,stage_arrival,6,S02,0,switch,1,50922,4,0,0,35,138.732,0,0,53.2427,0
35,stage_arrival_coalesce,0,S00,5,terminal,0,50924,105,0,0,35,1000,0,0,51.655,0
35,stage_arrival_coalesce,0,S00,5,terminal,0,50927,23,0,0,35,1000,0,0,53.2427,0
35,stage_arrival_coalesce,0,S00,5,terminal,0,50922,4,0,0,35,1000,0,0,53.2427,0
35,stage_arrival_coalesce,0,S00,5,terminal,0,50921,73,0,0,35,1000,0,0,51.655,0
35,stage_arrival,35,S17,2,switch,37,50921,73,0,0,35,246.878,0,0,51.655,0
35,stage_arrival,1,S01,0,switch,0,50927,23,0,0,35,159.728,0,0,53.2427,0
35,stage_arrival,6,S02,0,switch,1,50927,23,0,0,35,138.732,0,0,53.2427,0
35,allocate_send_arrival,11,S03,0,switch,6,50927,23,0,0,35,132.338,0,53.2427,0,0
35,allocate_send_arrival,12,S04,0,switch,6,50922,4,0,0,35,184.169,0,53.2427,0,0
35,allocate_send_arrival,21,S53,2,switch,8,50925,43,0,0,35,135.597,0,53.2427,0,0
35,allocate_send_arrival,52,S30,2,switch,54,50924,105,0,0,35,164.752,0,51.655,0,0
35,allocate_send_arrival,35,S17,2,switch,37,50921,73,0,0,35,246.878,0,51.655,0,0
35,allocate_send_arrival,16,S11,0,switch,12,50922,4,0,0,35,200.84,0,53.2427,0,0
35,allocate_send_arrival,6,S02,0,switch,1,50922,4,0,0,35,138.732,0,53.2427,0,0
35,allocate_send_arrival,6,S02,0,switch,1,50927,23,0,0,35,138.732,0,53.2427,0,0
35,allocate_send_arrival,54,S31,1,switch,37,50924,105,0,0,35,242.335,0,51.655,0,0
35,allocate_send_arrival,37,S32,0,switch,0,50924,105,0,0,35,103.31,0,50.517,1.13801,0
35,enqueue_residual,37,S32,0,switch,0,50924,105,0,0,35,103.31,0,0,1.13801,0
35,allocate_send_arrival,37,S32,0,switch,0,50921,73,0,0,35,103.31,0,50.517,1.13801,0
35,enqueue_residual,37,S32,0,switch,0,50921,73,0,0,35,103.31,0,0,1.13801,0
35,allocate_send_arrival,8,S52,0,switch,1,50925,43,0,0,35,255.562,0,53.2427,0,0
35,allocate_send_arrival,0,S00,5,terminal,0,50922,4,0,0,35,1000,0,53.2427,0,0
35,allocate_send_arrival,0,S00,5,terminal,0,50925,43,0,0,35,1000,0,53.2427,0,0
35,allocate_send_arrival,0,S00,5,terminal,0,50927,23,0,0,35,1000,0,53.2427,0,0
35,allocate_send_arrival,0,S00,5,terminal,0,50924,105,0,0,35,1000,0,51.655,0,0
35,allocate_send_arrival,0,S00,5,terminal,0,50921,73,0,0,35,1000,0,51.655,0,0
35,allocate_send_arrival,36,S18,0,switch,35,50921,73,0,0,35,247.316,0,51.655,0,0
35,allocate_send_arrival,2,S10,1,switch,16,50922,4,0,0,35,243.793,0,53.2427,0,0
35,allocate_send_arrival,1,S01,0,switch,0,50922,4,0,0,35,159.728,0,52.7377,0.504937,0
35,enqueue_residual,1,S01,0,switch,0,50922,4,0,0,35,159.728,0,0,0.504937,0
35,allocate_send_arrival,1,S01,0,switch,0,50925,43,0,0,35,159.728,0,52.7377,0.504937,0
35,enqueue_residual,1,S01,0,switch,0,50925,43,0,0,35,159.728,0,0,0.504937,0
35,allocate_send_arrival,1,S01,0,switch,0,50927,23,0,0,35,159.728,0,52.7377,0.504937,0
35,enqueue_residual,1,S01,0,switch,0,50927,23,0,0,35,159.728,0,0,0.504937,0
36,allocate_send_buffered,37,S32,0,switch,0,50924,105,0,0,36,103.31,2.27603,1.13801,0,0
36,allocate_send_buffered,37,S32,0,switch,0,50921,73,0,0,36,103.31,2.27603,1.13801,0,0
36,allocate_send_buffered,1,S01,0,switch,0,50922,4,0,0,36,159.728,1.51481,0.504937,0,0
36,allocate_send_buffered,1,S01,0,switch,0,50925,43,0,0,36,159.728,1.51481,0.504937,0,0
36,allocate_send_buffered,1,S01,0,switch,0,50927,23,0,0,36,159.728,1.51481,0.504937,0,0
36,stage_arrival,0,S00,5,terminal,0,50921,73,0,0,36,1000,0,0,50.517,0
36,stage_arrival_coalesce,0,S00,5,terminal,0,50921,73,0,0,36,1000,0,0,51.655,0
36,stage_arrival,0,S00,5,terminal,0,50922,4,0,0,36,1000,0,0,0.504937,0
36,stage_arrival,35,S17,2,switch,37,50921,73,0,0,36,246.878,0,0,51.655,0
36,stage_arrival,0,S00,5,terminal,0,50925,43,0,0,36,1000,0,0,52.7377,0
36,stage_arrival,52,S30,2,switch,54,50924,105,0,0,36,164.752,0,0,51.655,0
36,stage_arrival,54,S31,1,switch,37,50924,105,0,0,36,242.335,0,0,51.655,0
36,stage_arrival,0,S00,5,terminal,0,50924,105,0,0,36,1000,0,0,50.517,0
36,stage_arrival_coalesce,0,S00,5,terminal,0,50922,4,0,0,36,1000,0,0,53.2427,0
36,stage_arrival,36,S18,0,switch,35,50921,73,0,0,36,247.316,0,0,51.655,0
36,stage_arrival,37,S32,0,switch,0,50921,73,0,0,36,103.31,0,0,51.655,0
36,stage_arrival_coalesce,0,S00,5,terminal,0,50925,43,0,0,36,1000,0,0,53.2427,0
36,stage_arrival,0,S00,5,terminal,0,50927,23,0,0,36,1000,0,0,52.7377,0
36,stage_arrival,12,S04,0,switch,6,50922,4,0,0,36,184.169,0,0,53.2427,0
36,stage_arrival_coalesce,0,S00,5,terminal,0,50924,105,0,0,36,1000,0,0,51.655,0
36,stage_arrival_coalesce,0,S00,5,terminal,0,50927,23,0,0,36,1000,0,0,53.2427,0
36,stage_arrival,2,S10,1,switch,16,50922,4,0,0,36,243.793,0,0,53.2427,0
36,stage_arrival,1,S01,0,switch,0,50925,43,0,0,36,159.728,0,0,53.2427,0
36,stage_arrival,6,S02,0,switch,1,50927,23,0,0,36,138.732,0,0,53.2427,0
36,stage_arrival,6,S02,0,switch,1,50922,4,0,0,36,138.732,0,0,53.2427,0
36,stage_arrival,1,S01,0,switch,0,50922,4,0,0,36,159.728,0,0,53.2427,0
36,stage_arrival,8,S52,0,switch,1,50925,43,0,0,36,255.562,0,0,53.2427,0
36,stage_arrival,11,S03,0,switch,6,50927,23,0,0,36,132.338,0,0,53.2427,0
36,stage_arrival,1,S01,0,switch,0,50927,23,0,0,36,159.728,0,0,53.2427,0
36,stage_arrival,16,S11,0,switch,12,50922,4,0,0,36,200.84,0,0,53.2427,0
36,stage_arrival,21,S53,2,switch,8,50925,43,0,0,36,135.597,0,0,53.2427,0
36,stage_arrival,37,S32,0,switch,0,50924,105,0,0,36,103.31,0,0,51.655,0
36,allocate_send_arrival,12,S04,0,switch,6,50922,4,0,0,36,184.169,0,53.2427,0,0
36,allocate_send_arrival,6,S02,0,switch,1,50927,23,0,0,36,138.732,0,53.2427,0,0
36,allocate_send_arrival,6,S02,0,switch,1,50922,4,0,0,36,138.732,0,53.2427,0,0
36,allocate_send_arrival,21,S53,2,switch,8,50925,43,0,0,36,135.597,0,53.2427,0,0
36,allocate_send_arrival,1,S01,0,switch,0,50925,43,0,0,36,159.728,0,52.7377,0.504937,0
36,enqueue_residual,1,S01,0,switch,0,50925,43,0,0,36,159.728,0,0,0.504937,0
36,allocate_send_arrival,1,S01,0,switch,0,50922,4,0,0,36,159.728,0,52.7377,0.504937,0
36,enqueue_residual,1,S01,0,switch,0,50922,4,0,0,36,159.728,0,0,0.504937,0
36,allocate_send_arrival,1,S01,0,switch,0,50927,23,0,0,36,159.728,0,52.7377,0.504937,0
36,enqueue_residual,1,S01,0,switch,0,50927,23,0,0,36,159.728,0,0,0.504937,0
36,allocate_send_arrival,37,S32,0,switch,0,50921,73,0,0,36,103.31,0,50.517,1.13801,0
36,enqueue_residual,37,S32,0,switch,0,50921,73,0,0,36,103.31,0,0,1.13801,0
36,allocate_send_arrival,37,S32,0,switch,0,50924,105,0,0,36,103.31,0,50.517,1.13801,0
36,enqueue_residual,37,S32,0,switch,0,50924,105,0,0,36,103.31,0,0,1.13801,0
36,allocate_send_arrival,2,S10,1,switch,16,50922,4,0,0,36,243.793,0,53.2427,0,0
36,allocate_send_arrival,35,S17,2,switch,37,50921,73,0,0,36,246.878,0,51.655,0,0
36,allocate_send_arrival,8,S52,0,switch,1,50925,43,0,0,36,255.562,0,53.2427,0,0
36,allocate_send_arrival,0,S00,5,terminal,0,50921,73,0,0,36,1000,0,51.655,0,0
36,allocate_send_arrival,0,S00,5,terminal,0,50922,4,0,0,36,1000,0,53.2427,7.27596e-15,0
36,allocate_send_arrival,0,S00,5,terminal,0,50925,43,0,0,36,1000,0,53.2427,7.27596e-15,0
36,allocate_send_arrival,0,S00,5,terminal,0,50924,105,0,0,36,1000,0,51.655,0,0
36,allocate_send_arrival,0,S00,5,terminal,0,50927,23,0,0,36,1000,0,53.2427,7.27596e-15,0
36,allocate_send_arrival,11,S03,0,switch,6,50927,23,0,0,36,132.338,0,53.2427,0,0
36,allocate_send_arrival,52,S30,2,switch,54,50924,105,0,0,36,164.752,0,51.655,0,0
36,allocate_send_arrival,54,S31,1,switch,37,50924,105,0,0,36,242.335,0,51.655,0,0
36,allocate_send_arrival,16,S11,0,switch,12,50922,4,0,0,36,200.84,0,53.2427,0,0
36,allocate_send_arrival,36,S18,0,switch,35,50921,73,0,0,36,247.316,0,51.655,0,0
37,allocate_send_buffered,37,S32,0,switch,0,50921,73,0,0,37,103.31,2.27603,1.13801,0,0
37,allocate_send_buffered,37,S32,0,switch,0,50924,105,0,0,37,103.31,2.27603,1.13801,0,0
37,allocate_send_buffered,1,S01,0,switch,0,50925,43,0,0,37,159.728,1.51481,0.504937,0,0
37,allocate_send_buffered,1,S01,0,switch,0,50922,4,0,0,37,159.728,1.51481,0.504937,0,0
37,allocate_send_buffered,1,S01,0,switch,0,50927,23,0,0,37,159.728,1.51481,0.504937,0,0
37,stage_arrival,0,S00,5,terminal,0,50921,73,0,0,37,1000,0,0,1.13801,0
37,stage_arrival,37,S32,0,switch,0,50924,105,0,0,37,103.31,0,0,51.655,0
37,stage_arrival,0,S00,5,terminal,0,50922,4,0,0,37,1000,0,0,52.7377,0
37,stage_arrival,0,S00,5,terminal,0,50925,43,0,0,37,1000,0,0,0.504937,0
37,stage_arrival,0,S00,5,terminal,0,50927,23,0,0,37,1000,0,0,52.7377,0
37,stage_arrival,0,S00,5,terminal,0,50924,105,0,0,37,1000,0,0,1.13801,0
37,stage_arrival,54,S31,1,switch,37,50924,105,0,0,37,242.335,0,0,51.655,0
37,stage_arrival,6,S02,0,switch,1,50922,4,0,0,37,138.732,0,0,53.2427,0
37,stage_arrival,1,S01,0,switch,0,50925,43,0,0,37,159.728,0,0,53.2427,0
37,stage_arrival_coalesce,0,S00,5,terminal,0,50921,73,0,0,37,1000,0,0,51.655,0
37,stage_arrival_coalesce,0,S00,5,terminal,0,50922,4,0,0,37,1000,0,0,53.2427,0
37,stage_arrival_coalesce,0,S00,5,terminal,0,50927,23,0,0,37,1000,0,0,53.2427,0
37,stage_arrival,21,S53,2,switch,8,50925,43,0,0,37,135.597,0,0,53.2427,0
37,stage_arrival,36,S18,0,switch,35,50921,73,0,0,37,247.316,0,0,51.655,0
37,stage_arrival,1,S01,0,switch,0,50927,23,0,0,37,159.728,0,0,53.2427,0
37,stage_arrival,6,S02,0,switch,1,50927,23,0,0,37,138.732,0,0,53.2427,0
37,stage_arrival_coalesce,0,S00,5,terminal,0,50924,105,0,0,37,1000,0,0,51.655,0
37,stage_arrival,37,S32,0,switch,0,50921,73,0,0,37,103.31,0,0,51.655,0
37,stage_arrival,8,S52,0,switch,1,50925,43,0,0,37,255.562,0,0,53.2427,0
37,stage_arrival_coalesce,0,S00,5,terminal,0,50925,43,0,0,37,1000,0,0,53.2427,0
37,stage_arrival,1,S01,0,switch,0,50922,4,0,0,37,159.728,0,0,53.2427,0
37,stage_arrival,52,S30,2,switch,54,50924,105,0,0,37,164.752,0,0,51.655,0
37,stage_arrival,11,S03,0,switch,6,50927,23,0,0,37,132.338,0,0,53.2427,0
37,stage_arrival,2,S10,1,switch,16,50922,4,0,0,37,243.793,0,0,53.2427,0
37,stage_arrival,35,S17,2,switch,37,50921,73,0,0,37,246.878,0,0,51.655,0
37,stage_arrival,12,S04,0,switch,6,50922,4,0,0,37,184.169,0,0,53.2427,0
37,stage_arrival,16,S11,0,switch,12,50922,4,0,0,37,200.84,0,0,53.2427,0
37,allocate_send_arrival,6,S02,0,switch,1,50922,4,0,0,37,138.732,0,53.2427,0,0
37,allocate_send_arrival,6,S02,0,switch,1,50927,23,0,0,37,138.732,0,53.2427,0,0
37,allocate_send_arrival,12,S04,0,switch,6,50922,4,0,0,37,184.169,0,53.2427,0,0
37,allocate_send_arrival,16,S11,0,switch,12,50922,4,0,0,37,200.84,0,53.2427,0,0
37,allocate_send_arrival,37,S32,0,switch,0,50924,105,0,0,37,103.31,0,50.517,1.13801,0
37,enqueue_residual,37,S32,0,switch,0,50924,105,0,0,37,103.31,0,0,1.13801,0
37,allocate_send_arrival,37,S32,0,switch,0,50921,73,0,0,37,103.31,0,50.517,1.13801,0
37,enqueue_residual,37,S32,0,switch,0,50921,73,0,0,37,103.31,0,0,1.13801,0
37,allocate_send_arrival,8,S52,0,switch,1,50925,43,0,0,37,255.562,0,53.2427,0,0
37,allocate_send_arrival,0,S00,5,terminal,0,50921,73,0,0,37,1000,0,51.655,0,0
37,allocate_send_arrival,0,S00,5,terminal,0,50922,4,0,0,37,1000,0,53.2427,7.27596e-15,0
37,allocate_send_arrival,0,S00,5,terminal,0,50925,43,0,0,37,1000,0,53.2427,7.27596e-15,0
37,allocate_send_arrival,0,S00,5,terminal,0,50927,23,0,0,37,1000,0,53.2427,7.27596e-15,0
37,allocate_send_arrival,0,S00,5,terminal,0,50924,105,0,0,37,1000,0,51.655,0,0
37,allocate_send_arrival,1,S01,0,switch,0,50925,43,0,0,37,159.728,0,52.7377,0.504937,0
37,enqueue_residual,1,S01,0,switch,0,50925,43,0,0,37,159.728,0,0,0.504937,0
37,allocate_send_arrival,1,S01,0,switch,0,50927,23,0,0,37,159.728,0,52.7377,0.504937,0
37,enqueue_residual,1,S01,0,switch,0,50927,23,0,0,37,159.728,0,0,0.504937,0
37,allocate_send_arrival,1,S01,0,switch,0,50922,4,0,0,37,159.728,0,52.7377,0.504937,0
37,enqueue_residual,1,S01,0,switch,0,50922,4,0,0,37,159.728,0,0,0.504937,0
37,allocate_send_arrival,52,S30,2,switch,54,50924,105,0,0,37,164.752,0,51.655,0,0
37,allocate_send_arrival,35,S17,2,switch,37,50921,73,0,0,37,246.878,0,51.655,0,0
37,allocate_send_arrival,2,S10,1,switch,16,50922,4,0,0,37,243.793,0,53.2427,0,0
37,allocate_send_arrival,36,S18,0,switch,35,50921,73,0,0,37,247.316,0,51.655,0,0
37,allocate_send_arrival,11,S03,0,switch,6,50927,23,0,0,37,132.338,0,53.2427,0,0
37,allocate_send_arrival,21,S53,2,switch,8,50925,43,0,0,37,135.597,0,53.2427,0,0
37,allocate_send_arrival,54,S31,1,switch,37,50924,105,0,0,37,242.335,0,51.655,0,0
38,allocate_send_buffered,37,S32,0,switch,0,50924,105,0,0,38,103.31,2.27603,1.13801,0,0
38,allocate_send_buffered,37,S32,0,switch,0,50921,73,0,0,38,103.31,2.27603,1.13801,0,0
38,allocate_send_buffered,1,S01,0,switch,0,50925,43,0,0,38,159.728,1.51481,0.504937,0,0
38,allocate_send_buffered,1,S01,0,switch,0,50927,23,0,0,38,159.728,1.51481,0.504937,0,0
38,allocate_send_buffered,1,S01,0,switch,0,50922,4,0,0,38,159.728,1.51481,0.504937,0,0
38,stage_arrival,52,S30,2,switch,54,50924,105,0,0,38,164.752,0,0,51.655,0
38,stage_arrival,6,S02,0,switch,1,50927,23,0,0,38,138.732,0,0,53.2427,0
38,stage_arrival,54,S31,1,switch,37,50924,105,0,0,38,242.335,0,0,51.655,0
38,stage_arrival,37,S32,0,switch,0,50921,73,0,0,38,103.31,0,0,51.655,0
38,stage_arrival,1,S01,0,switch,0,50927,23,0,0,38,159.728,0,0,53.2427,0
38,stage_arrival,35,S17,2,switch,37,50921,73,0,0,38,246.878,0,0,51.655,0
38,stage_arrival,12,S04,0,switch,6,50922,4,0,0,38,184.169,0,0,53.2427,0
38,stage_arrival,0,S00,5,terminal,0,50922,4,0,0,38,1000,0,0,0.504937,0
38,stage_arrival,21,S53,2,switch,8,50925,43,0,0,38,135.597,0,0,28.8852,0
38,stage_arrival,0,S00,5,terminal,0,50921,73,0,0,38,1000,0,0,50.517,0
38,stage_arrival,36,S18,0,switch,35,50921,73,0,0,38,247.316,0,0,51.655,0
38,stage_arrival,37,S32,0,switch,0,50924,105,0,0,38,103.31,0,0,51.655,0
38,stage_arrival,16,S11,0,switch,12,50922,4,0,0,38,200.84,0,0,53.2427,0
38,stage_arrival,11,S03,0,switch,6,50927,23,0,0,38,132.338,0,0,28.8852,0
38,stage_arrival,6,S02,0,switch,1,50922,4,0,0,38,138.732,0,0,53.2427,0
38,stage_arrival_coalesce,0,S00,5,terminal,0,50921,73,0,0,38,1000,0,0,51.655,0
38,stage_arrival,1,S01,0,switch,0,50922,4,0,0,38,159.728,0,0,53.2427,0
38,stage_arrival,0,S00,5,terminal,0,50927,23,0,0,38,1000,0,0,0.504937,0
38,stage_arrival,0,S00,5,terminal,0,50925,43,0,0,38,1000,0,0,0.504937,0
38,stage_arrival,8,S52,0,switch,1,50925,43,0,0,38,255.562,0,0,53.2427,0
38,stage_arrival,0,S00,5,terminal,0,50924,105,0,0,38,1000,0,0,1.13801,0
38,stage_arrival_coalesce,0,S00,5,terminal,0,50922,4,0,0,38,1000,0,0,53.2427,0
38,stage_arrival_coalesce,0,S00,5,terminal,0,50927,23,0,0,38,1000,0,0,53.2427,0
38,stage_arrival_coalesce,0,S00,5,terminal,0,50925,43,0,0,38,1000,0,0,53.2427,0
38,stage_arrival_coalesce,0,S00,5,terminal,0,50924,105,0,0,38,1000,0,0,51.655,0
38,stage_arrival,1,S01,0,switch,0,50925,43,0,0,38,159.728,0,0,53.2427,0
38,stage_arrival,2,S10,1,switch,16,50922,4,0,0,38,243.793,0,0,28.5065,0
38,allocate_send_arrival,12,S04,0,switch,6,50922,4,0,0,38,184.169,0,53.2427,0,0
38,allocate_send_arrival,37,S32,0,switch,0,50921,73,0,0,38,103.31,0,50.517,1.13801,0
38,enqueue_residual,37,S32,0,switch,0,50921,73,0,0,38,103.31,0,0,1.13801,0
38,allocate_send_arrival,37,S32,0,switch,0,50924,105,0,0,38,103.31,0,50.517,1.13801,0
38,enqueue_residual,37,S32,0,switch,0,50924,105,0,0,38,103.31,0,0,1.13801,0
38,allocate_send_arrival,8,S52,0,switch,1,50925,43,0,0,38,255.562,0,53.2427,0,0
38,allocate_send_arrival,35,S17,2,switch,37,50921,73,0,0,38,246.878,0,51.655,0,0
38,allocate_send_arrival,6,S02,0,switch,1,50927,23,0,0,38,138.732,0,53.2427,0,0
38,allocate_send_arrival,6,S02,0,switch,1,50922,4,0,0,38,138.732,0,53.2427,0,0
38,allocate_send_arrival,2,S10,1,switch,16,50922,4,0,0,38,243.793,0,28.5065,0,0
38,allocate_send_arrival,11,S03,0,switch,6,50927,23,0,0,38,132.338,0,28.8852,0,0
38,allocate_send_arrival,52,S30,2,switch,54,50924,105,0,0,38,164.752,0,51.655,0,0
38,allocate_send_arrival,0,S00,5,terminal,0,50922,4,0,0,38,1000,0,53.2427,7.27596e-15,0
38,allocate_send_arrival,0,S00,5,terminal,0,50921,73,0,0,38,1000,0,51.655,0,0
38,allocate_send_arrival,0,S00,5,terminal,0,50927,23,0,0,38,1000,0,53.2427,7.27596e-15,0
38,allocate_send_arrival,0,S00,5,terminal,0,50925,43,0,0,38,1000,0,53.2427,7.27596e-15,0
38,allocate_send_arrival,0,S00,5,terminal,0,50924,105,0,0,38,1000,0,51.655,0,0
38,allocate_send_arrival,21,S53,2,switch,8,50925,43,0,0,38,135.597,0,28.8852,0,0
38,allocate_send_arrival,54,S31,1,switch,37,50924,105,0,0,38,242.335,0,51.655,0,0
38,allocate_send_arrival,1,S01,0,switch,0,50927,23,0,0,38,159.728,0,52.7377,0.504937,0
38,enqueue_residual,1,S01,0,switch,0,50927,23,0,0,38,159.728,0,0,0.504937,0
38,allocate_send_arrival,1,S01,0,switch,0,50922,4,0,0,38,159.728,0,52.7377,0.504937,0
38,enqueue_residual,1,S01,0,switch,0,50922,4,0,0,38,159.728,0,0,0.504937,0
38,allocate_send_arrival,1,S01,0,switch,0,50925,43,0,0,38,159.728,0,52.7377,0.504937,0
38,enqueue_residual,1,S01,0,switch,0,50925,43,0,0,38,159.728,0,0,0.504937,0
38,allocate_send_arrival,36,S18,0,switch,35,50921,73,0,0,38,247.316,0,51.655,0,0
38,allocate_send_arrival,16,S11,0,switch,12,50922,4,0,0,38,200.84,0,53.2427,0,0
39,allocate_send_buffered,1,S01,0,switch,0,50927,23,0,0,39,159.728,1.51481,0.504937,0,0
39,allocate_send_buffered,1,S01,0,switch,0,50922,4,0,0,39,159.728,1.51481,0.504937,0,0
39,allocate_send_buffered,1,S01,0,switch,0,50925,43,0,0,39,159.728,1.51481,0.504937,0,0
39,allocate_send_buffered,37,S32,0,switch,0,50921,73,0,0,39,103.31,2.27603,1.13801,0,0
39,allocate_send_buffered,37,S32,0,switch,0,50924,105,0,0,39,103.31,2.27603,1.13801,0,0
39,stage_arrival,8,S52,0,switch,1,50925,43,0,0,39,255.562,0,0,28.8852,0
39,stage_arrival,0,S00,5,terminal,0,50922,4,0,0,39,1000,0,0,52.7377,0
39,stage_arrival,52,S30,2,switch,54,50924,105,0,0,39,164.752,0,0,35.972,0
39,stage_arrival,0,S00,5,terminal,0,50924,105,0,0,39,1000,0,0,1.13801,0
39,stage_arrival,37,S32,0,switch,0,50921,73,0,0,39,103.31,0,0,51.655,0
39,stage_arrival,1,S01,0,switch,0,50922,4,0,0,39,159.728,0,0,53.2427,0
39,stage_arrival,0,S00,5,terminal,0,50921,73,0,0,39,1000,0,0,50.517,0
39,stage_arrival,0,S00,5,terminal,0,50925,43,0,0,39,1000,0,0,52.7377,0
39,stage_arrival,16,S11,0,switch,12,50922,4,0,0,39,200.84,0,0,28.5065,0
39,stage_arrival_coalesce,0,S00,5,terminal,0,50924,105,0,0,39,1000,0,0,51.655,0
39,stage_arrival,36,S18,0,switch,35,50921,73,0,0,39,247.316,0,0,35.972,0
39,stage_arrival_coalesce,0,S00,5,terminal,0,50925,43,0,0,39,1000,0,0,53.2427,0
39,stage_arrival,37,S32,0,switch,0,50924,105,0,0,39,103.31,0,0,51.655,0
39,stage_arrival,6,S02,0,switch,1,50922,4,0,0,39,138.732,0,0,53.2427,0
39,stage_arrival,54,S31,1,switch,37,50924,105,0,0,39,242.335,0,0,51.655,0
39,stage_arrival,6,S02,0,switch,1,50927,23,0,0,39,138.732,0,0,28.8852,0
39,stage_arrival_coalesce,0,S00,5,terminal,0,50922,4,0,0,39,1000,0,0,53.2427,0
39,stage_arrival_coalesce,0,S00,5,terminal,0,50921,73,0,0,39,1000,0,0,51.655,0
39,stage_arrival,1,S01,0,switch,0,50927,23,0,0,39,159.728,0,0,53.2427,0
39,stage_arrival,1,S01,0,switch,0,50925,43,0,0,39,159.728,0,0,53.2427,0
39,stage_arrival,0,S00,5,terminal,0,50927,23,0,0,39,1000,0,0,0.504937,0
39,stage_arrival_coalesce,0,S00,5,terminal,0,50927,23,0,0,39,1000,0,0,53.2427,0
39,stage_arrival,35,S17,2,switch,37,50921,73,0,0,39,246.878,0,0,51.655,0
39,stage_arrival,12,S04,0,switch,6,50922,4,0,0,39,184.169,0,0,53.2427,0
39,allocate_send_arrival,6,S02,0,switch,1,50922,4,0,0,39,138.732,0,53.2427,7.27596e-15,0
39,allocate_send_arrival,6,S02,0,switch,1,50927,23,0,0,39,138.732,0,28.8852,0,0
39,allocate_send_arrival,12,S04,0,switch,6,50922,4,0,0,39,184.169,0,53.2427,0,0
39,allocate_send_arrival,35,S17,2,switch,37,50921,73,0,0,39,246.878,0,51.655,0,0
39,allocate_send_arrival,8,S52,0,switch,1,50925,43,0,0,39,255.562,0,28.8852,0,0
39,allocate_send_arrival,16,S11,0,switch,12,50922,4,0,0,39,200.84,0,28.5065,0,0
39,allocate_send_arrival,52,S30,2,switch,54,50924,105,0,0,39,164.752,0,35.972,0,0
39,allocate_send_arrival,1,S01,0,switch,0,50922,4,0,0,39,159.728,0,52.7377,0.504937,0
39,enqueue_residual,1,S01,0,switch,0,50922,4,0,0,39,159.728,0,0,0.504937,0
39,allocate_send_arrival,1,S01,0,switch,0,50927,23,0,0,39,159.728,0,52.7377,0.504937,0
39,enqueue_residual,1,S01,0,switch,0,50927,23,0,0,39,159.728,0,0,0.504937,0
39,allocate_send_arrival,1,S01,0,switch,0,50925,43,0,0,39,159.728,0,52.7377,0.504937,0
39,enqueue_residual,1,S01,0,switch,0,50925,43,0,0,39,159.728,0,0,0.504937,0
39,allocate_send_arrival,36,S18,0,switch,35,50921,73,0,0,39,247.316,0,35.972,0,0
39,allocate_send_arrival,0,S00,5,terminal,0,50922,4,0,0,39,1000,0,53.2427,7.27596e-15,0
39,allocate_send_arrival,0,S00,5,terminal,0,50924,105,0,0,39,1000,0,51.655,0,0
39,allocate_send_arrival,0,S00,5,terminal,0,50921,73,0,0,39,1000,0,51.655,0,0
39,allocate_send_arrival,0,S00,5,terminal,0,50925,43,0,0,39,1000,0,53.2427,7.27596e-15,0
39,allocate_send_arrival,0,S00,5,terminal,0,50927,23,0,0,39,1000,0,53.2427,7.27596e-15,0
39,allocate_send_arrival,54,S31,1,switch,37,50924,105,0,0,39,242.335,0,51.655,0,0
39,allocate_send_arrival,37,S32,0,switch,0,50921,73,0,0,39,103.31,0,50.517,1.13801,0
39,enqueue_residual,37,S32,0,switch,0,50921,73,0,0,39,103.31,0,0,1.13801,0
39,allocate_send_arrival,37,S32,0,switch,0,50924,105,0,0,39,103.31,0,50.517,1.13801,0
39,enqueue_residual,37,S32,0,switch,0,50924,105,0,0,39,103.31,0,0,1.13801,0
40,stage_arrival,0,S00,5,terminal,0,50927,23,0,0,40,1000,0,0,52.7377,0
40,stage_arrival,1,S01,0,switch,0,50927,23,0,0,40,159.728,1.51481,0,28.8852,0
40,stage_arrival,37,S32,0,switch,0,50924,105,0,0,40,103.31,2.27603,0,51.655,0
40,stage_arrival,0,S00,5,terminal,0,50925,43,0,0,40,1000,0,0,0.504937,0
40,stage_arrival,54,S31,1,switch,37,50924,105,0,0,40,242.335,0,0,35.972,0
40,stage_arrival,37,S32,0,switch,0,50921,73,0,0,40,103.31,2.27603,0,51.655,0
40,stage_arrival,0,S00,5,terminal,0,50922,4,0,0,40,1000,0,0,52.7377,0
40,stage_arrival,35,S17,2,switch,37,50921,73,0,0,40,246.878,0,0,35.972,0
40,stage_arrival,6,S02,0,switch,1,50922,4,0,0,40,138.732,0,0,53.2427,0
40,stage_arrival,0,S00,5,terminal,0,50924,105,0,0,40,1000,0,0,50.517,0
40,stage_arrival_coalesce,0,S00,5,terminal,0,50927,23,0,0,40,1000,0,0,53.2427,0
40,stage_arrival,0,S00,5,terminal,0,50921,73,0,0,40,1000,0,0,1.13801,0
40,stage_arrival,1,S01,0,switch,0,50925,43,0,0,40,159.728,1.51481,0,28.8852,0
40,stage_arrival_coalesce,0,S00,5,terminal,0,50922,4,0,0,40,1000,0,0,53.2427,0
40,stage_arrival_coalesce,0,S00,5,terminal,0,50921,73,0,0,40,1000,0,0,51.655,0
40,stage_arrival_coalesce,0,S00,5,terminal,0,50925,43,0,0,40,1000,0,0,53.2427,0
40,stage_arrival,1,S01,0,switch,0,50922,4,0,0,40,159.728,1.51481,0,53.2427,0
40,stage_arrival,12,S04,0,switch,6,50922,4,0,0,40,184.169,0,0,28.5065,0
40,stage_arrival_coalesce,0,S00,5,terminal,0,50924,105,0,0,40,1000,0,0,51.655,0
